7.78924 0.225751 -0.107343
14.319 0.44804 -0.221399
19.6851 0.664006 -0.346636
23.9498 0.870663 -0.48633
27.1339 1.06484 -0.642583
29.2182 1.24318 -0.816413
30.1501 1.40222 -1.00783
29.8532 1.5384 -1.21592
28.2378 1.64822 -1.43887
25.2135 1.72822 -1.67396
20.6972 1.77507 -1.91763
14.6155 1.7854 -2.16525
6.89379 1.75579 -2.41087
-2.57277 1.68248 -2.64636
-13.9563 1.56166 -2.85969
-27.4729 1.39157 -3.03209
-43.1111 1.17937 -3.13822
-60.3298 0.945664 -3.16068
-78.3526 0.712532 -3.10565
-96.4148 0.493635 -2.99549
-114.142 0.291678 -2.85197
-131.482 0.10404 -2.68894
134.197 -0.0753895 -2.51452
116.834 -0.261969 -2.34848
99.0745 -0.462581 -2.20056
80.8773 -0.681056 -2.08334
62.4969 -0.916887 -2.01864
44.852 -1.15549 -2.03181
28.9847 -1.37148 -2.12993
15.2915 -1.54587 -2.29598
3.72226 -1.67163 -2.50532
-5.92953 -1.74987 -2.73866
-13.8326 -1.78414 -2.98337
-20.0915 -1.77812 -3.23097
-24.7797 -1.73524 -3.47528
-27.9683 -1.65882 -3.71152
-29.7384 -1.55219 -3.93599
-30.1798 -1.4188 -4.14588
-29.3822 -1.26215 -4.33927
-27.4244 -1.08578 -4.51512
-24.3621 -0.893196 -4.67334
-20.2187 -0.687761 -4.81483
-14.9786 -0.472678 -4.94156
-8.58389 -0.250957 -5.05667
-0.941714 -0.025459 -5.1645
8.05149 0.200993 -5.27043
18.46 0.425542 -5.38016
30.2467 0.645459 -5.49862
43.2433 0.858631 -5.62865
57.1883 1.06406 -5.7706
71.8061 1.26194 -5.92303
86.8679 1.45325 -6.08376
