3.7067 -0.00430079
7.32865 -0.00858393
10.8678 -0.0128511
14.3261 -0.017104
17.7057 -0.0213444
21.0085 -0.0255739
24.2365 -0.0297943
27.392 -0.0340073
30.4769 -0.0382145
33.4933 -0.0424177
36.4434 -0.0466185
39.329 -0.0508185
42.1524 -0.0550195
44.9154 -0.059223
47.6203 -0.0634307
50.2689 -0.0676441
52.8632 -0.0718649
55.4053 -0.0760945
57.8971 -0.0803345
60.3404 -0.0845864
62.7372 -0.0888517
65.0894 -0.0931319
67.3989 -0.0974284
69.6674 -0.101743
71.8967 -0.106076
74.0887 -0.11043
76.2451 -0.114805
78.3676 -0.119204
80.458 -0.123626
82.5177 -0.128075
84.5485 -0.13255
86.552 -0.137053
88.5297 -0.141585
90.4831 -0.146146
92.4136 -0.150739
94.3227 -0.155365
96.2117 -0.160023
98.082 -0.164715
99.9349 -0.169441
101.771 -0.174204
103.593 -0.179003
105.401 -0.183838
107.196 -0.188712
108.979 -0.193624
110.751 -0.198575
112.513 -0.203566
114.266 -0.208597
116.011 -0.213669
117.749 -0.218782
119.48 -0.223937
121.205 -0.229135
122.926 -0.234376
124.642 -0.239663
126.361 -0.245014
128.083 -0.250431
129.626 -0.255319
131.071 -0.259943
132.72 -0.265279
