3.69999 -0.0042929
7.3158 -0.00856853
10.8494 -0.0128286
14.3027 -0.0170748
17.6778 -0.021309
20.9767 -0.0255327
24.2014 -0.0297477
27.354 -0.0339559
30.4366 -0.0381588
33.4513 -0.0423583
36.4001 -0.0465559
39.285 -0.0507536
42.1082 -0.0549528
44.8716 -0.0591554
47.5773 -0.0633629
50.2274 -0.0675771
52.8237 -0.0717996
55.3683 -0.0760321
57.8632 -0.0802761
60.3103 -0.0845333
62.7114 -0.0888053
65.0686 -0.0930936
67.3837 -0.0973998
69.6585 -0.101726
71.8948 -0.106072
74.0945 -0.110441
76.2594 -0.114834
78.3911 -0.119253
80.4914 -0.123698
82.562 -0.128172
84.6046 -0.132675
86.6207 -0.137209
88.6119 -0.141776
90.5798 -0.146376
92.5259 -0.15101
94.4516 -0.155681
96.3583 -0.160389
98.2474 -0.165135
100.12 -0.169921
101.978 -0.174747
103.822 -0.179614
105.654 -0.184524
107.474 -0.189477
109.284 -0.194475
111.084 -0.199517
112.876 -0.204607
114.661 -0.209743
116.44 -0.214928
118.213 -0.220163
119.982 -0.225449
121.749 -0.230791
123.516 -0.236193
125.288 -0.241674
128.877 -0.253076
