0.133878 -0.00133878 0 0 -5.43768e-09 -0.000775491 1.37041e-06 -0.000173144 -3.44568e-08 -0.0930436 -4.6057e-06 0.0022374 1.37712e-06
0.267344 -0.00267342 0 0 -1.08588e-08 -0.00154872 2.0524e-06 -0.000517645 -1.02093e-07 -0.185798 -9.19619e-06 0.00446777 2.07226e-06
0.40045 -0.00400444 0 0 -1.62642e-08 -0.00231988 2.50663e-06 -0.00103229 -2.02727e-07 -0.278286 -1.37725e-05 0.00669174 2.54601e-06
0.533229 -0.00533218 0 0 -2.16547e-08 -0.00308922 2.84714e-06 -0.00171585 -3.36187e-07 -0.370528 -1.83353e-05 0.00890977 2.91236e-06
0.665723 -0.00665706 0 0 -2.70317e-08 -0.00385701 3.11951e-06 -0.00256733 -5.02366e-07 -0.462549 -2.28852e-05 0.0111225 3.21684e-06
0.797987 -0.0079796 0 0 -3.23966e-08 -0.00462359 3.34656e-06 -0.00358597 -7.01235e-07 -0.554378 -2.7423e-05 0.0133305 3.48225e-06
0.930085 -0.00930048 0 0 -3.77513e-08 -0.00538933 3.54135e-06 -0.00477139 -9.32867e-07 -0.646049 -3.19496e-05 0.0155346 3.7216e-06
1.06211 -0.0106206 0 0 -4.31248e-08 -0.00615069 3.71125e-06 -0.00612474 -1.19478e-06 -0.737809 -3.65133e-05 0.0177425 3.94275e-06
1.19375 -0.0119369 0 0 -4.84871e-08 -0.00691344 3.86302e-06 -0.00764463 -1.48899e-06 -0.829443 -4.10589e-05 0.0199467 4.15185e-06
1.32565 -0.0132557 0 0 -5.38442e-08 -0.00767709 3.99911e-06 -0.00933243 -1.81691e-06 -0.921053 -4.55941e-05 0.0221501 4.35146e-06
1.4577 -0.014576 0 0 -5.9207e-08 -0.00844154 4.12299e-06 -0.0111902 -2.17777e-06 -1.01276 -5.01341e-05 0.0243557 4.54523e-06
1.59 -0.0158988 0 0 -6.45805e-08 -0.00920751 4.23677e-06 -0.0132205 -2.57207e-06 -1.10464 -5.46833e-05 0.0265658 4.73538e-06
1.72269 -0.0172255 0 0 -6.99707e-08 -0.00997586 4.3421e-06 -0.0154269 -3.00049e-06 -1.19679 -5.92468e-05 0.0287826 4.9237e-06
1.85592 -0.0185576 0 0 -7.53842e-08 -0.0107476 4.44029e-06 -0.0178143 -3.46402e-06 -1.28935 -6.38307e-05 0.031009 5.11169e-06
1.98987 -0.0198969 0 0 -8.08289e-08 -0.0115239 4.53243e-06 -0.0203891 -3.96397e-06 -1.38244 -6.84418e-05 0.0332484 5.30068e-06
2.12474 -0.0212453 0 0 -8.63139e-08 -0.0123062 4.61941e-06 -0.0231593 -4.50212e-06 -1.47622 -7.30882e-05 0.0355045 5.49189e-06
2.26075 -0.0226051 0 0 -9.18502e-08 -0.0130959 4.70201e-06 -0.0261353 -5.08056e-06 -1.57088 -7.77804e-05 0.037782 5.68652e-06
2.39795 -0.0239767 0 0 -9.7451e-08 -0.0138949 4.78084e-06 -0.0293294 -5.70109e-06 -1.66665 -8.25339e-05 0.040086 5.88578e-06
2.53601 -0.0253571 0 0 -1.03131e-07 -0.0147049 4.85639e-06 -0.0327559 -6.36456e-06 -1.76376 -8.7372e-05 0.0424227 6.09112e-06
2.68302 -0.0268267 0 0 -1.08927e-07 -0.0155266 4.92827e-06 -0.0364401 -7.08447e-06 -1.86258 -9.2211e-05 0.0448016 6.29915e-06
2.8283 -0.0282792 0 0 -1.14818e-07 -0.0163668 4.99859e-06 -0.0403961 -7.85393e-06 -1.96325 -9.71941e-05 0.0472243 6.51791e-06
2.9767 -0.0297628 0 0 -1.20835e-07 -0.0172257 5.06705e-06 -0.0446496 -8.6824e-06 -2.0661 -0.000102283 0.0496994 6.74577e-06
3.12843 -0.0312796 0 0 -1.2699e-07 -0.0181061 5.13405e-06 -0.0492236 -9.57582e-06 -2.17132 -0.000107483 0.0522315 6.98364e-06
3.28327 -0.0328276 0 0 -1.33287e-07 -0.0190113 5.20012e-06 -0.0541346 -1.05411e-05 -2.27897 -0.000112784 0.0548206 7.23167e-06
3.44487 -0.034443 0 0 -1.39796e-07 -0.0199299 5.26057e-06 -0.059454 -1.15528e-05 -2.3901 -0.000118323 0.0574991 7.49573e-06
3.607 -0.0360638 0 0 -1.46364e-07 -0.0208682 5.32166e-06 -0.0650766 -1.26442e-05 -2.50231 -0.000123877 0.0602002 7.7679e-06
3.7685 -0.0376781 0 0 -1.52895e-07 -0.0217949 5.38019e-06 -0.0709079 -1.37806e-05 -2.61371 -0.000129391 0.0628838 8.0451e-06
3.93466 -0.0393391 0 0 -1.59561e-07 -0.0227673 5.43769e-06 -0.0772119 -1.49965e-05 -2.72901 -0.000135086 0.0656582 8.33903e-06
4.0969 -0.0409609 0 0 -1.66171e-07 -0.0236934 5.49096e-06 -0.0835618 -1.62345e-05 -2.84062 -0.000140643 0.0683479 8.63214e-06
4.24822 -0.0424735 0 0 -1.72312e-07 -0.0245868 5.53873e-06 -0.0897857 -1.74289e-05 -2.94604 -0.000145859 0.0708835 8.91409e-06
4.39992 -0.0439898 0 0 -1.78386e-07 -0.0254367 5.58503e-06 -0.0960828 -1.86676e-05 -3.04915 -0.000150975 0.073371 9.19652e-06
4.54585 -0.0454484 0 0 -1.8429e-07 -0.0262778 5.62949e-06 -0.102455 -1.99092e-05 -3.15007 -0.000155956 0.0758037 9.47918e-06
4.69951 -0.0469844 0 0 -1.90391e-07 -0.0271602 5.67368e-06 -0.109317 -2.12454e-05 -3.25523 -0.000161156 0.0783387 9.78033e-06
4.95068 -0.0494949 0 0 -2.00665e-07 -0.0285903 5.74311e-06 -0.121212 -2.35699e-05 -3.4283 -0.000169776 0.0825136 1.02989e-05
5.08731 -0.0508605 0 0 -2.06168e-07 -0.0293608 5.77983e-06 -0.1278 -2.48613e-05 -3.5216 -0.000174436 0.0847658 1.05851e-05
5.29954 -0.0529817 0 0 -2.14724e-07 -0.0305916 5.83364e-06 -0.13857 -2.695e-05 -3.66802 -0.00018166 0.0882944 1.10416e-05
6.17207 -0.0617024 0 0 -2.49905e-07 -0.0356166 6.023e-06 -0.189879 -3.69159e-05 -4.26699 -0.000211214 0.102748 1.3147e-05
5.58014 -0.0557868 0 0 -2.25923e-07 -0.0321832 5.88214e-06 -0.158301 -3.08032e-05 -3.85915 -0.000191059 0.0929174 1.18219e-05
