node 1 0 15 10
node 2 0 15 5
node 3 5 15 5
node 4 5 15 10
node 5 0 15 0
node 6 5 15 0
node 7 10 15 5
node 8 10 15 10
node 9 10 15 0
node 10 15 15 5
node 11 15 15 10
node 12 15 15 0
node 13 20 15 5
node 14 20 15 10
node 15 20 15 0
node 16 25 15 5
node 17 25 15 10
node 18 25 15 0
node 19 30 15 5
node 20 30 15 10
node 21 30 15 0
node 22 35 15 5
node 23 35 15 10
node 24 35 15 0
node 25 40 15 5
node 26 40 15 10
node 27 40 15 0
node 28 45 15 5
node 29 45 15 10
node 30 45 15 0
node 31 50 15 5
node 32 50 15 10
node 33 50 15 0
node 34 55 15 5
node 35 55 15 10
node 36 55 15 0
node 37 60 15 5
node 38 60 15 10
node 39 60 15 0
node 40 65 15 5
node 41 65 15 10
node 42 65 15 0
node 43 70 15 5
node 44 70 15 10
node 45 70 15 0
node 46 75 15 5
node 47 75 15 10
node 48 75 15 0
node 49 80 15 5
node 50 80 15 10
node 51 80 15 0
node 52 85 15 5
node 53 85 15 10
node 54 85 15 0
node 55 90 15 5
node 56 90 15 10
node 57 90 15 0
node 58 95 15 5
node 59 95 15 10
node 60 95 15 0
node 61 100 15 5
node 62 100 15 10
node 63 100 15 0
node 64 105 15 5
node 65 105 15 10
node 66 105 15 0
node 67 110 15 5
node 68 110 15 10
node 69 110 15 0
node 70 115 15 5
node 71 115 15 10
node 72 115 15 0
node 73 120 15 5
node 74 120 15 10
node 75 120 15 0
node 76 125 15 5
node 77 125 15 10
node 78 125 15 0
node 79 130 15 5
node 80 130 15 10
node 81 130 15 0
node 82 135 15 5
node 83 135 15 10
node 84 135 15 0
node 85 140 15 5
node 86 140 15 10
node 87 140 15 0
node 88 145 15 5
node 89 145 15 10
node 90 145 15 0
node 91 150 15 5
node 92 150 15 10
node 93 150 15 0
node 94 155 15 5
node 95 155 15 10
node 96 155 15 0
node 97 160 15 5
node 98 160 15 10
node 99 160 15 0
node 100 165 15 5
node 101 165 15 10
node 102 165 15 0
node 103 170 15 5
node 104 170 15 10
node 105 170 15 0
node 106 175 15 5
node 107 175 15 10
node 108 175 15 0
node 109 180 15 5
node 110 180 15 10
node 111 180 15 0
node 112 185 15 5
node 113 185 15 10
node 114 185 15 0
node 115 190 15 5
node 116 190 15 10
node 117 190 15 0
node 118 195 15 5
node 119 195 15 10
node 120 195 15 0
node 121 200 15 5
node 122 200 15 10
node 123 200 15 0
node 124 205 15 5
node 125 205 15 10
node 126 205 15 0
node 127 210 15 5
node 128 210 15 10
node 129 210 15 0
node 130 215 15 5
node 131 215 15 10
node 132 215 15 0
node 133 220 15 5
node 134 220 15 10
node 135 220 15 0
node 136 225 15 5
node 137 225 15 10
node 138 225 15 0
node 139 230 15 5
node 140 230 15 10
node 141 230 15 0
node 142 235 15 5
node 143 235 15 10
node 144 235 15 0
node 145 240 15 5
node 146 240 15 10
node 147 240 15 0
node 148 245 15 5
node 149 245 15 10
node 150 245 15 0
node 151 250 15 5
node 152 250 15 10
node 153 250 15 0
node 154 255 15 5
node 155 255 15 10
node 156 255 15 0
node 157 260 15 5
node 158 260 15 10
node 159 260 15 0
node 160 265 15 5
node 161 265 15 10
node 162 265 15 0
node 163 270 15 5
node 164 270 15 10
node 165 270 15 0
node 166 275 15 5
node 167 275 15 10
node 168 275 15 0
node 169 280 15 5
node 170 280 15 10
node 171 280 15 0
node 172 285 15 5
node 173 285 15 10
node 174 285 15 0
node 175 290 15 5
node 176 290 15 10
node 177 290 15 0
node 178 295 15 5
node 179 295 15 10
node 180 295 15 0
node 181 300 15 5
node 182 300 15 10
node 183 300 15 0
node 184 305 15 5
node 185 305 15 10
node 186 305 15 0
node 187 310 15 5
node 188 310 15 10
node 189 310 15 0
node 190 315 15 5
node 191 315 15 10
node 192 315 15 0
node 193 320 15 5
node 194 320 15 10
node 195 320 15 0
node 196 325 15 5
node 197 325 15 10
node 198 325 15 0
node 199 330 15 5
node 200 330 15 10
node 201 330 15 0
node 202 335 15 5
node 203 335 15 10
node 204 335 15 0
node 205 340 15 5
node 206 340 15 10
node 207 340 15 0
node 208 345 15 5
node 209 345 15 10
node 210 345 15 0
node 211 350 15 5
node 212 350 15 10
node 213 350 15 0
node 214 355 15 5
node 215 355 15 10
node 216 355 15 0
node 217 360 15 5
node 218 360 15 10
node 219 360 15 0
node 220 365 15 5
node 221 365 15 10
node 222 365 15 0
node 223 370 15 5
node 224 370 15 10
node 225 370 15 0
node 226 375 15 5
node 227 375 15 10
node 228 375 15 0
node 229 380 15 5
node 230 380 15 10
node 231 380 15 0
node 232 385 15 5
node 233 385 15 10
node 234 385 15 0
node 235 390 15 5
node 236 390 15 10
node 237 390 15 0
node 238 395 15 5
node 239 395 15 10
node 240 395 15 0
node 241 400 15 5
node 242 400 15 10
node 243 400 15 0
node 244 405 15 5
node 245 405 15 10
node 246 405 15 0
node 247 410 15 5
node 248 410 15 10
node 249 410 15 0
node 250 415 15 5
node 251 415 15 10
node 252 415 15 0
node 253 420 15 5
node 254 420 15 10
node 255 420 15 0
node 256 425 15 5
node 257 425 15 10
node 258 425 15 0
node 259 430 15 5
node 260 430 15 10
node 261 430 15 0
node 262 435 15 5
node 263 435 15 10
node 264 435 15 0
node 265 440 15 5
node 266 440 15 10
node 267 440 15 0
node 268 445 15 5
node 269 445 15 10
node 270 445 15 0
node 271 450 15 5
node 272 450 15 10
node 273 450 15 0
node 274 455 15 5
node 275 455 15 10
node 276 455 15 0
node 277 460 15 5
node 278 460 15 10
node 279 460 15 0
node 280 465 15 5
node 281 465 15 10
node 282 465 15 0
node 283 470 15 5
node 284 470 15 10
node 285 470 15 0
node 286 475 15 5
node 287 475 15 10
node 288 475 15 0
node 289 480 15 5
node 290 480 15 10
node 291 480 15 0
node 292 485 15 5
node 293 485 15 10
node 294 485 15 0
node 295 490 15 5
node 296 490 15 10
node 297 490 15 0
node 298 495 15 5
node 299 495 15 10
node 300 495 15 0
node 301 500 15 5
node 302 500 15 10
node 303 500 15 0
node 304 505 15 5
node 305 505 15 10
node 306 505 15 0
node 307 510 15 5
node 308 510 15 10
node 309 510 15 0
node 310 515 15 5
node 311 515 15 10
node 312 515 15 0
node 313 520 15 5
node 314 520 15 10
node 315 520 15 0
node 316 525 15 5
node 317 525 15 10
node 318 525 15 0
node 319 530 15 5
node 320 530 15 10
node 321 530 15 0
node 322 535 15 5
node 323 535 15 10
node 324 535 15 0
node 325 540 15 5
node 326 540 15 10
node 327 540 15 0
node 328 545 15 5
node 329 545 15 10
node 330 545 15 0
node 331 550 15 5
node 332 550 15 10
node 333 550 15 0
node 334 555 15 5
node 335 555 15 10
node 336 555 15 0
node 337 560 15 5
node 338 560 15 10
node 339 560 15 0
node 340 565 15 5
node 341 565 15 10
node 342 565 15 0
node 343 570 15 5
node 344 570 15 10
node 345 570 15 0
node 346 575 15 5
node 347 575 15 10
node 348 575 15 0
node 349 580 15 5
node 350 580 15 10
node 351 580 15 0
node 352 585 15 5
node 353 585 15 10
node 354 585 15 0
node 355 590 15 5
node 356 590 15 10
node 357 590 15 0
node 358 595 15 5
node 359 595 15 10
node 360 595 15 0
node 361 600 15 5
node 362 600 15 10
node 363 600 15 0
node 364 605 15 5
node 365 605 15 10
node 366 605 15 0
node 367 610 15 5
node 368 610 15 10
node 369 610 15 0
node 370 615 15 5
node 371 615 15 10
node 372 615 15 0
node 373 620 15 5
node 374 620 15 10
node 375 620 15 0
node 376 625 15 5
node 377 625 15 10
node 378 625 15 0
node 379 630 15 5
node 380 630 15 10
node 381 630 15 0
node 382 635 15 5
node 383 635 15 10
node 384 635 15 0
node 385 640 15 5
node 386 640 15 10
node 387 640 15 0
node 388 645 15 5
node 389 645 15 10
node 390 645 15 0
node 391 650 15 5
node 392 650 15 10
node 393 650 15 0
node 394 655 15 5
node 395 655 15 10
node 396 655 15 0
node 397 660 15 5
node 398 660 15 10
node 399 660 15 0
node 400 665 15 5
node 401 665 15 10
node 402 665 15 0
node 403 670 15 5
node 404 670 15 10
node 405 670 15 0
node 406 675 15 5
node 407 675 15 10
node 408 675 15 0
node 409 680 15 5
node 410 680 15 10
node 411 680 15 0
node 412 685 15 5
node 413 685 15 10
node 414 685 15 0
node 415 690 15 5
node 416 690 15 10
node 417 690 15 0
node 418 695 15 5
node 419 695 15 10
node 420 695 15 0
node 421 700 15 5
node 422 700 15 10
node 423 700 15 0
node 424 705 15 5
node 425 705 15 10
node 426 705 15 0
node 427 710 15 5
node 428 710 15 10
node 429 710 15 0
node 430 715 15 5
node 431 715 15 10
node 432 715 15 0
node 433 720 15 5
node 434 720 15 10
node 435 720 15 0
node 436 725 15 5
node 437 725 15 10
node 438 725 15 0
node 439 730 15 5
node 440 730 15 10
node 441 730 15 0
node 442 735 15 5
node 443 735 15 10
node 444 735 15 0
node 445 740 15 5
node 446 740 15 10
node 447 740 15 0
node 448 745 15 5
node 449 745 15 10
node 450 745 15 0
node 451 750 15 5
node 452 750 15 10
node 453 750 15 0
node 454 755 15 5
node 455 755 15 10
node 456 755 15 0
node 457 760 15 5
node 458 760 15 10
node 459 760 15 0
node 460 765 15 5
node 461 765 15 10
node 462 765 15 0
node 463 770 15 5
node 464 770 15 10
node 465 770 15 0
node 466 775 15 5
node 467 775 15 10
node 468 775 15 0
node 469 780 15 5
node 470 780 15 10
node 471 780 15 0
node 472 785 15 5
node 473 785 15 10
node 474 785 15 0
node 475 790 15 5
node 476 790 15 10
node 477 790 15 0
node 478 795 15 5
node 479 795 15 10
node 480 795 15 0
node 481 800 15 5
node 482 800 15 10
node 483 800 15 0
node 484 805 15 5
node 485 805 15 10
node 486 805 15 0
node 487 810 15 5
node 488 810 15 10
node 489 810 15 0
node 490 815 15 5
node 491 815 15 10
node 492 815 15 0
node 493 820 15 5
node 494 820 15 10
node 495 820 15 0
node 496 825 15 5
node 497 825 15 10
node 498 825 15 0
node 499 830 15 5
node 500 830 15 10
node 501 830 15 0
node 502 835 15 5
node 503 835 15 10
node 504 835 15 0
node 505 840 15 5
node 506 840 15 10
node 507 840 15 0
node 508 845 15 5
node 509 845 15 10
node 510 845 15 0
node 511 850 15 5
node 512 850 15 10
node 513 850 15 0
node 514 855 15 5
node 515 855 15 10
node 516 855 15 0
node 517 860 15 5
node 518 860 15 10
node 519 860 15 0
node 520 865 15 5
node 521 865 15 10
node 522 865 15 0
node 523 870 15 5
node 524 870 15 10
node 525 870 15 0
node 526 875 15 5
node 527 875 15 10
node 528 875 15 0
node 529 880 15 5
node 530 880 15 10
node 531 880 15 0
node 532 885 15 5
node 533 885 15 10
node 534 885 15 0
node 535 890 15 5
node 536 890 15 10
node 537 890 15 0
node 538 895 15 5
node 539 895 15 10
node 540 895 15 0
node 541 900 15 5
node 542 900 15 10
node 543 900 15 0
node 544 0 10 0
node 545 5 10 0
node 546 0 5 0
node 547 5 5 0
node 548 0 0 0
node 549 5 0 0
node 550 0 -5 0
node 551 5 -5 0
node 552 0 -10 0
node 553 5 -10 0
node 554 0 -15 0
node 555 5 -15 0
node 556 10 10 0
node 557 10 5 0
node 558 10 0 0
node 559 10 -5 0
node 560 10 -10 0
node 561 10 -15 0
node 562 15 10 0
node 563 15 5 0
node 564 15 0 0
node 565 15 -5 0
node 566 15 -10 0
node 567 15 -15 0
node 568 20 10 0
node 569 20 5 0
node 570 20 0 0
node 571 20 -5 0
node 572 20 -10 0
node 573 20 -15 0
node 574 25 10 0
node 575 25 5 0
node 576 25 0 0
node 577 25 -5 0
node 578 25 -10 0
node 579 25 -15 0
node 580 30 10 0
node 581 30 5 0
node 582 30 0 0
node 583 30 -5 0
node 584 30 -10 0
node 585 30 -15 0
node 586 35 10 0
node 587 35 5 0
node 588 35 0 0
node 589 35 -5 0
node 590 35 -10 0
node 591 35 -15 0
node 592 40 10 0
node 593 40 5 0
node 594 40 0 0
node 595 40 -5 0
node 596 40 -10 0
node 597 40 -15 0
node 598 45 10 0
node 599 45 5 0
node 600 45 0 0
node 601 45 -5 0
node 602 45 -10 0
node 603 45 -15 0
node 604 50 10 0
node 605 50 5 0
node 606 50 0 0
node 607 50 -5 0
node 608 50 -10 0
node 609 50 -15 0
node 610 55 10 0
node 611 55 5 0
node 612 55 0 0
node 613 55 -5 0
node 614 55 -10 0
node 615 55 -15 0
node 616 60 10 0
node 617 60 5 0
node 618 60 0 0
node 619 60 -5 0
node 620 60 -10 0
node 621 60 -15 0
node 622 65 10 0
node 623 65 5 0
node 624 65 0 0
node 625 65 -5 0
node 626 65 -10 0
node 627 65 -15 0
node 628 70 10 0
node 629 70 5 0
node 630 70 0 0
node 631 70 -5 0
node 632 70 -10 0
node 633 70 -15 0
node 634 75 10 0
node 635 75 5 0
node 636 75 0 0
node 637 75 -5 0
node 638 75 -10 0
node 639 75 -15 0
node 640 80 10 0
node 641 80 5 0
node 642 80 0 0
node 643 80 -5 0
node 644 80 -10 0
node 645 80 -15 0
node 646 85 10 0
node 647 85 5 0
node 648 85 0 0
node 649 85 -5 0
node 650 85 -10 0
node 651 85 -15 0
node 652 90 10 0
node 653 90 5 0
node 654 90 0 0
node 655 90 -5 0
node 656 90 -10 0
node 657 90 -15 0
node 658 95 10 0
node 659 95 5 0
node 660 95 0 0
node 661 95 -5 0
node 662 95 -10 0
node 663 95 -15 0
node 664 100 10 0
node 665 100 5 0
node 666 100 0 0
node 667 100 -5 0
node 668 100 -10 0
node 669 100 -15 0
node 670 105 10 0
node 671 105 5 0
node 672 105 0 0
node 673 105 -5 0
node 674 105 -10 0
node 675 105 -15 0
node 676 110 10 0
node 677 110 5 0
node 678 110 0 0
node 679 110 -5 0
node 680 110 -10 0
node 681 110 -15 0
node 682 115 10 0
node 683 115 5 0
node 684 115 0 0
node 685 115 -5 0
node 686 115 -10 0
node 687 115 -15 0
node 688 120 10 0
node 689 120 5 0
node 690 120 0 0
node 691 120 -5 0
node 692 120 -10 0
node 693 120 -15 0
node 694 125 10 0
node 695 125 5 0
node 696 125 0 0
node 697 125 -5 0
node 698 125 -10 0
node 699 125 -15 0
node 700 130 10 0
node 701 130 5 0
node 702 130 0 0
node 703 130 -5 0
node 704 130 -10 0
node 705 130 -15 0
node 706 135 10 0
node 707 135 5 0
node 708 135 0 0
node 709 135 -5 0
node 710 135 -10 0
node 711 135 -15 0
node 712 140 10 0
node 713 140 5 0
node 714 140 0 0
node 715 140 -5 0
node 716 140 -10 0
node 717 140 -15 0
node 718 145 10 0
node 719 145 5 0
node 720 145 0 0
node 721 145 -5 0
node 722 145 -10 0
node 723 145 -15 0
node 724 150 10 0
node 725 150 5 0
node 726 150 0 0
node 727 150 -5 0
node 728 150 -10 0
node 729 150 -15 0
node 730 155 10 0
node 731 155 5 0
node 732 155 0 0
node 733 155 -5 0
node 734 155 -10 0
node 735 155 -15 0
node 736 160 10 0
node 737 160 5 0
node 738 160 0 0
node 739 160 -5 0
node 740 160 -10 0
node 741 160 -15 0
node 742 165 10 0
node 743 165 5 0
node 744 165 0 0
node 745 165 -5 0
node 746 165 -10 0
node 747 165 -15 0
node 748 170 10 0
node 749 170 5 0
node 750 170 0 0
node 751 170 -5 0
node 752 170 -10 0
node 753 170 -15 0
node 754 175 10 0
node 755 175 5 0
node 756 175 0 0
node 757 175 -5 0
node 758 175 -10 0
node 759 175 -15 0
node 760 180 10 0
node 761 180 5 0
node 762 180 0 0
node 763 180 -5 0
node 764 180 -10 0
node 765 180 -15 0
node 766 185 10 0
node 767 185 5 0
node 768 185 0 0
node 769 185 -5 0
node 770 185 -10 0
node 771 185 -15 0
node 772 190 10 0
node 773 190 5 0
node 774 190 0 0
node 775 190 -5 0
node 776 190 -10 0
node 777 190 -15 0
node 778 195 10 0
node 779 195 5 0
node 780 195 0 0
node 781 195 -5 0
node 782 195 -10 0
node 783 195 -15 0
node 784 200 10 0
node 785 200 5 0
node 786 200 0 0
node 787 200 -5 0
node 788 200 -10 0
node 789 200 -15 0
node 790 205 10 0
node 791 205 5 0
node 792 205 0 0
node 793 205 -5 0
node 794 205 -10 0
node 795 205 -15 0
node 796 210 10 0
node 797 210 5 0
node 798 210 0 0
node 799 210 -5 0
node 800 210 -10 0
node 801 210 -15 0
node 802 215 10 0
node 803 215 5 0
node 804 215 0 0
node 805 215 -5 0
node 806 215 -10 0
node 807 215 -15 0
node 808 220 10 0
node 809 220 5 0
node 810 220 0 0
node 811 220 -5 0
node 812 220 -10 0
node 813 220 -15 0
node 814 225 10 0
node 815 225 5 0
node 816 225 0 0
node 817 225 -5 0
node 818 225 -10 0
node 819 225 -15 0
node 820 230 10 0
node 821 230 5 0
node 822 230 0 0
node 823 230 -5 0
node 824 230 -10 0
node 825 230 -15 0
node 826 235 10 0
node 827 235 5 0
node 828 235 0 0
node 829 235 -5 0
node 830 235 -10 0
node 831 235 -15 0
node 832 240 10 0
node 833 240 5 0
node 834 240 0 0
node 835 240 -5 0
node 836 240 -10 0
node 837 240 -15 0
node 838 245 10 0
node 839 245 5 0
node 840 245 0 0
node 841 245 -5 0
node 842 245 -10 0
node 843 245 -15 0
node 844 250 10 0
node 845 250 5 0
node 846 250 0 0
node 847 250 -5 0
node 848 250 -10 0
node 849 250 -15 0
node 850 255 10 0
node 851 255 5 0
node 852 255 0 0
node 853 255 -5 0
node 854 255 -10 0
node 855 255 -15 0
node 856 260 10 0
node 857 260 5 0
node 858 260 0 0
node 859 260 -5 0
node 860 260 -10 0
node 861 260 -15 0
node 862 265 10 0
node 863 265 5 0
node 864 265 0 0
node 865 265 -5 0
node 866 265 -10 0
node 867 265 -15 0
node 868 270 10 0
node 869 270 5 0
node 870 270 0 0
node 871 270 -5 0
node 872 270 -10 0
node 873 270 -15 0
node 874 275 10 0
node 875 275 5 0
node 876 275 0 0
node 877 275 -5 0
node 878 275 -10 0
node 879 275 -15 0
node 880 280 10 0
node 881 280 5 0
node 882 280 0 0
node 883 280 -5 0
node 884 280 -10 0
node 885 280 -15 0
node 886 285 10 0
node 887 285 5 0
node 888 285 0 0
node 889 285 -5 0
node 890 285 -10 0
node 891 285 -15 0
node 892 290 10 0
node 893 290 5 0
node 894 290 0 0
node 895 290 -5 0
node 896 290 -10 0
node 897 290 -15 0
node 898 295 10 0
node 899 295 5 0
node 900 295 0 0
node 901 295 -5 0
node 902 295 -10 0
node 903 295 -15 0
node 904 300 10 0
node 905 300 5 0
node 906 300 0 0
node 907 300 -5 0
node 908 300 -10 0
node 909 300 -15 0
node 910 305 10 0
node 911 305 5 0
node 912 305 0 0
node 913 305 -5 0
node 914 305 -10 0
node 915 305 -15 0
node 916 310 10 0
node 917 310 5 0
node 918 310 0 0
node 919 310 -5 0
node 920 310 -10 0
node 921 310 -15 0
node 922 315 10 0
node 923 315 5 0
node 924 315 0 0
node 925 315 -5 0
node 926 315 -10 0
node 927 315 -15 0
node 928 320 10 0
node 929 320 5 0
node 930 320 0 0
node 931 320 -5 0
node 932 320 -10 0
node 933 320 -15 0
node 934 325 10 0
node 935 325 5 0
node 936 325 0 0
node 937 325 -5 0
node 938 325 -10 0
node 939 325 -15 0
node 940 330 10 0
node 941 330 5 0
node 942 330 0 0
node 943 330 -5 0
node 944 330 -10 0
node 945 330 -15 0
node 946 335 10 0
node 947 335 5 0
node 948 335 0 0
node 949 335 -5 0
node 950 335 -10 0
node 951 335 -15 0
node 952 340 10 0
node 953 340 5 0
node 954 340 0 0
node 955 340 -5 0
node 956 340 -10 0
node 957 340 -15 0
node 958 345 10 0
node 959 345 5 0
node 960 345 0 0
node 961 345 -5 0
node 962 345 -10 0
node 963 345 -15 0
node 964 350 10 0
node 965 350 5 0
node 966 350 0 0
node 967 350 -5 0
node 968 350 -10 0
node 969 350 -15 0
node 970 355 10 0
node 971 355 5 0
node 972 355 0 0
node 973 355 -5 0
node 974 355 -10 0
node 975 355 -15 0
node 976 360 10 0
node 977 360 5 0
node 978 360 0 0
node 979 360 -5 0
node 980 360 -10 0
node 981 360 -15 0
node 982 365 10 0
node 983 365 5 0
node 984 365 0 0
node 985 365 -5 0
node 986 365 -10 0
node 987 365 -15 0
node 988 370 10 0
node 989 370 5 0
node 990 370 0 0
node 991 370 -5 0
node 992 370 -10 0
node 993 370 -15 0
node 994 375 10 0
node 995 375 5 0
node 996 375 0 0
node 997 375 -5 0
node 998 375 -10 0
node 999 375 -15 0
node 1000 380 10 0
node 1001 380 5 0
node 1002 380 0 0
node 1003 380 -5 0
node 1004 380 -10 0
node 1005 380 -15 0
node 1006 385 10 0
node 1007 385 5 0
node 1008 385 0 0
node 1009 385 -5 0
node 1010 385 -10 0
node 1011 385 -15 0
node 1012 390 10 0
node 1013 390 5 0
node 1014 390 0 0
node 1015 390 -5 0
node 1016 390 -10 0
node 1017 390 -15 0
node 1018 395 10 0
node 1019 395 5 0
node 1020 395 0 0
node 1021 395 -5 0
node 1022 395 -10 0
node 1023 395 -15 0
node 1024 400 10 0
node 1025 400 5 0
node 1026 400 0 0
node 1027 400 -5 0
node 1028 400 -10 0
node 1029 400 -15 0
node 1030 405 10 0
node 1031 405 5 0
node 1032 405 0 0
node 1033 405 -5 0
node 1034 405 -10 0
node 1035 405 -15 0
node 1036 410 10 0
node 1037 410 5 0
node 1038 410 0 0
node 1039 410 -5 0
node 1040 410 -10 0
node 1041 410 -15 0
node 1042 415 10 0
node 1043 415 5 0
node 1044 415 0 0
node 1045 415 -5 0
node 1046 415 -10 0
node 1047 415 -15 0
node 1048 420 10 0
node 1049 420 5 0
node 1050 420 0 0
node 1051 420 -5 0
node 1052 420 -10 0
node 1053 420 -15 0
node 1054 425 10 0
node 1055 425 5 0
node 1056 425 0 0
node 1057 425 -5 0
node 1058 425 -10 0
node 1059 425 -15 0
node 1060 430 10 0
node 1061 430 5 0
node 1062 430 0 0
node 1063 430 -5 0
node 1064 430 -10 0
node 1065 430 -15 0
node 1066 435 10 0
node 1067 435 5 0
node 1068 435 0 0
node 1069 435 -5 0
node 1070 435 -10 0
node 1071 435 -15 0
node 1072 440 10 0
node 1073 440 5 0
node 1074 440 0 0
node 1075 440 -5 0
node 1076 440 -10 0
node 1077 440 -15 0
node 1078 445 10 0
node 1079 445 5 0
node 1080 445 0 0
node 1081 445 -5 0
node 1082 445 -10 0
node 1083 445 -15 0
node 1084 450 10 0
node 1085 450 5 0
node 1086 450 0 0
node 1087 450 -5 0
node 1088 450 -10 0
node 1089 450 -15 0
node 1090 455 10 0
node 1091 455 5 0
node 1092 455 0 0
node 1093 455 -5 0
node 1094 455 -10 0
node 1095 455 -15 0
node 1096 460 10 0
node 1097 460 5 0
node 1098 460 0 0
node 1099 460 -5 0
node 1100 460 -10 0
node 1101 460 -15 0
node 1102 465 10 0
node 1103 465 5 0
node 1104 465 0 0
node 1105 465 -5 0
node 1106 465 -10 0
node 1107 465 -15 0
node 1108 470 10 0
node 1109 470 5 0
node 1110 470 0 0
node 1111 470 -5 0
node 1112 470 -10 0
node 1113 470 -15 0
node 1114 475 10 0
node 1115 475 5 0
node 1116 475 0 0
node 1117 475 -5 0
node 1118 475 -10 0
node 1119 475 -15 0
node 1120 480 10 0
node 1121 480 5 0
node 1122 480 0 0
node 1123 480 -5 0
node 1124 480 -10 0
node 1125 480 -15 0
node 1126 485 10 0
node 1127 485 5 0
node 1128 485 0 0
node 1129 485 -5 0
node 1130 485 -10 0
node 1131 485 -15 0
node 1132 490 10 0
node 1133 490 5 0
node 1134 490 0 0
node 1135 490 -5 0
node 1136 490 -10 0
node 1137 490 -15 0
node 1138 495 10 0
node 1139 495 5 0
node 1140 495 0 0
node 1141 495 -5 0
node 1142 495 -10 0
node 1143 495 -15 0
node 1144 500 10 0
node 1145 500 5 0
node 1146 500 0 0
node 1147 500 -5 0
node 1148 500 -10 0
node 1149 500 -15 0
node 1150 505 10 0
node 1151 505 5 0
node 1152 505 0 0
node 1153 505 -5 0
node 1154 505 -10 0
node 1155 505 -15 0
node 1156 510 10 0
node 1157 510 5 0
node 1158 510 0 0
node 1159 510 -5 0
node 1160 510 -10 0
node 1161 510 -15 0
node 1162 515 10 0
node 1163 515 5 0
node 1164 515 0 0
node 1165 515 -5 0
node 1166 515 -10 0
node 1167 515 -15 0
node 1168 520 10 0
node 1169 520 5 0
node 1170 520 0 0
node 1171 520 -5 0
node 1172 520 -10 0
node 1173 520 -15 0
node 1174 525 10 0
node 1175 525 5 0
node 1176 525 0 0
node 1177 525 -5 0
node 1178 525 -10 0
node 1179 525 -15 0
node 1180 530 10 0
node 1181 530 5 0
node 1182 530 0 0
node 1183 530 -5 0
node 1184 530 -10 0
node 1185 530 -15 0
node 1186 535 10 0
node 1187 535 5 0
node 1188 535 0 0
node 1189 535 -5 0
node 1190 535 -10 0
node 1191 535 -15 0
node 1192 540 10 0
node 1193 540 5 0
node 1194 540 0 0
node 1195 540 -5 0
node 1196 540 -10 0
node 1197 540 -15 0
node 1198 545 10 0
node 1199 545 5 0
node 1200 545 0 0
node 1201 545 -5 0
node 1202 545 -10 0
node 1203 545 -15 0
node 1204 550 10 0
node 1205 550 5 0
node 1206 550 0 0
node 1207 550 -5 0
node 1208 550 -10 0
node 1209 550 -15 0
node 1210 555 10 0
node 1211 555 5 0
node 1212 555 0 0
node 1213 555 -5 0
node 1214 555 -10 0
node 1215 555 -15 0
node 1216 560 10 0
node 1217 560 5 0
node 1218 560 0 0
node 1219 560 -5 0
node 1220 560 -10 0
node 1221 560 -15 0
node 1222 565 10 0
node 1223 565 5 0
node 1224 565 0 0
node 1225 565 -5 0
node 1226 565 -10 0
node 1227 565 -15 0
node 1228 570 10 0
node 1229 570 5 0
node 1230 570 0 0
node 1231 570 -5 0
node 1232 570 -10 0
node 1233 570 -15 0
node 1234 575 10 0
node 1235 575 5 0
node 1236 575 0 0
node 1237 575 -5 0
node 1238 575 -10 0
node 1239 575 -15 0
node 1240 580 10 0
node 1241 580 5 0
node 1242 580 0 0
node 1243 580 -5 0
node 1244 580 -10 0
node 1245 580 -15 0
node 1246 585 10 0
node 1247 585 5 0
node 1248 585 0 0
node 1249 585 -5 0
node 1250 585 -10 0
node 1251 585 -15 0
node 1252 590 10 0
node 1253 590 5 0
node 1254 590 0 0
node 1255 590 -5 0
node 1256 590 -10 0
node 1257 590 -15 0
node 1258 595 10 0
node 1259 595 5 0
node 1260 595 0 0
node 1261 595 -5 0
node 1262 595 -10 0
node 1263 595 -15 0
node 1264 600 10 0
node 1265 600 5 0
node 1266 600 0 0
node 1267 600 -5 0
node 1268 600 -10 0
node 1269 600 -15 0
node 1270 605 10 0
node 1271 605 5 0
node 1272 605 0 0
node 1273 605 -5 0
node 1274 605 -10 0
node 1275 605 -15 0
node 1276 610 10 0
node 1277 610 5 0
node 1278 610 0 0
node 1279 610 -5 0
node 1280 610 -10 0
node 1281 610 -15 0
node 1282 615 10 0
node 1283 615 5 0
node 1284 615 0 0
node 1285 615 -5 0
node 1286 615 -10 0
node 1287 615 -15 0
node 1288 620 10 0
node 1289 620 5 0
node 1290 620 0 0
node 1291 620 -5 0
node 1292 620 -10 0
node 1293 620 -15 0
node 1294 625 10 0
node 1295 625 5 0
node 1296 625 0 0
node 1297 625 -5 0
node 1298 625 -10 0
node 1299 625 -15 0
node 1300 630 10 0
node 1301 630 5 0
node 1302 630 0 0
node 1303 630 -5 0
node 1304 630 -10 0
node 1305 630 -15 0
node 1306 635 10 0
node 1307 635 5 0
node 1308 635 0 0
node 1309 635 -5 0
node 1310 635 -10 0
node 1311 635 -15 0
node 1312 640 10 0
node 1313 640 5 0
node 1314 640 0 0
node 1315 640 -5 0
node 1316 640 -10 0
node 1317 640 -15 0
node 1318 645 10 0
node 1319 645 5 0
node 1320 645 0 0
node 1321 645 -5 0
node 1322 645 -10 0
node 1323 645 -15 0
node 1324 650 10 0
node 1325 650 5 0
node 1326 650 0 0
node 1327 650 -5 0
node 1328 650 -10 0
node 1329 650 -15 0
node 1330 655 10 0
node 1331 655 5 0
node 1332 655 0 0
node 1333 655 -5 0
node 1334 655 -10 0
node 1335 655 -15 0
node 1336 660 10 0
node 1337 660 5 0
node 1338 660 0 0
node 1339 660 -5 0
node 1340 660 -10 0
node 1341 660 -15 0
node 1342 665 10 0
node 1343 665 5 0
node 1344 665 0 0
node 1345 665 -5 0
node 1346 665 -10 0
node 1347 665 -15 0
node 1348 670 10 0
node 1349 670 5 0
node 1350 670 0 0
node 1351 670 -5 0
node 1352 670 -10 0
node 1353 670 -15 0
node 1354 675 10 0
node 1355 675 5 0
node 1356 675 0 0
node 1357 675 -5 0
node 1358 675 -10 0
node 1359 675 -15 0
node 1360 680 10 0
node 1361 680 5 0
node 1362 680 0 0
node 1363 680 -5 0
node 1364 680 -10 0
node 1365 680 -15 0
node 1366 685 10 0
node 1367 685 5 0
node 1368 685 0 0
node 1369 685 -5 0
node 1370 685 -10 0
node 1371 685 -15 0
node 1372 690 10 0
node 1373 690 5 0
node 1374 690 0 0
node 1375 690 -5 0
node 1376 690 -10 0
node 1377 690 -15 0
node 1378 695 10 0
node 1379 695 5 0
node 1380 695 0 0
node 1381 695 -5 0
node 1382 695 -10 0
node 1383 695 -15 0
node 1384 700 10 0
node 1385 700 5 0
node 1386 700 0 0
node 1387 700 -5 0
node 1388 700 -10 0
node 1389 700 -15 0
node 1390 705 10 0
node 1391 705 5 0
node 1392 705 0 0
node 1393 705 -5 0
node 1394 705 -10 0
node 1395 705 -15 0
node 1396 710 10 0
node 1397 710 5 0
node 1398 710 0 0
node 1399 710 -5 0
node 1400 710 -10 0
node 1401 710 -15 0
node 1402 715 10 0
node 1403 715 5 0
node 1404 715 0 0
node 1405 715 -5 0
node 1406 715 -10 0
node 1407 715 -15 0
node 1408 720 10 0
node 1409 720 5 0
node 1410 720 0 0
node 1411 720 -5 0
node 1412 720 -10 0
node 1413 720 -15 0
node 1414 725 10 0
node 1415 725 5 0
node 1416 725 0 0
node 1417 725 -5 0
node 1418 725 -10 0
node 1419 725 -15 0
node 1420 730 10 0
node 1421 730 5 0
node 1422 730 0 0
node 1423 730 -5 0
node 1424 730 -10 0
node 1425 730 -15 0
node 1426 735 10 0
node 1427 735 5 0
node 1428 735 0 0
node 1429 735 -5 0
node 1430 735 -10 0
node 1431 735 -15 0
node 1432 740 10 0
node 1433 740 5 0
node 1434 740 0 0
node 1435 740 -5 0
node 1436 740 -10 0
node 1437 740 -15 0
node 1438 745 10 0
node 1439 745 5 0
node 1440 745 0 0
node 1441 745 -5 0
node 1442 745 -10 0
node 1443 745 -15 0
node 1444 750 10 0
node 1445 750 5 0
node 1446 750 0 0
node 1447 750 -5 0
node 1448 750 -10 0
node 1449 750 -15 0
node 1450 755 10 0
node 1451 755 5 0
node 1452 755 0 0
node 1453 755 -5 0
node 1454 755 -10 0
node 1455 755 -15 0
node 1456 760 10 0
node 1457 760 5 0
node 1458 760 0 0
node 1459 760 -5 0
node 1460 760 -10 0
node 1461 760 -15 0
node 1462 765 10 0
node 1463 765 5 0
node 1464 765 0 0
node 1465 765 -5 0
node 1466 765 -10 0
node 1467 765 -15 0
node 1468 770 10 0
node 1469 770 5 0
node 1470 770 0 0
node 1471 770 -5 0
node 1472 770 -10 0
node 1473 770 -15 0
node 1474 775 10 0
node 1475 775 5 0
node 1476 775 0 0
node 1477 775 -5 0
node 1478 775 -10 0
node 1479 775 -15 0
node 1480 780 10 0
node 1481 780 5 0
node 1482 780 0 0
node 1483 780 -5 0
node 1484 780 -10 0
node 1485 780 -15 0
node 1486 785 10 0
node 1487 785 5 0
node 1488 785 0 0
node 1489 785 -5 0
node 1490 785 -10 0
node 1491 785 -15 0
node 1492 790 10 0
node 1493 790 5 0
node 1494 790 0 0
node 1495 790 -5 0
node 1496 790 -10 0
node 1497 790 -15 0
node 1498 795 10 0
node 1499 795 5 0
node 1500 795 0 0
node 1501 795 -5 0
node 1502 795 -10 0
node 1503 795 -15 0
node 1504 800 10 0
node 1505 800 5 0
node 1506 800 0 0
node 1507 800 -5 0
node 1508 800 -10 0
node 1509 800 -15 0
node 1510 805 10 0
node 1511 805 5 0
node 1512 805 0 0
node 1513 805 -5 0
node 1514 805 -10 0
node 1515 805 -15 0
node 1516 810 10 0
node 1517 810 5 0
node 1518 810 0 0
node 1519 810 -5 0
node 1520 810 -10 0
node 1521 810 -15 0
node 1522 815 10 0
node 1523 815 5 0
node 1524 815 0 0
node 1525 815 -5 0
node 1526 815 -10 0
node 1527 815 -15 0
node 1528 820 10 0
node 1529 820 5 0
node 1530 820 0 0
node 1531 820 -5 0
node 1532 820 -10 0
node 1533 820 -15 0
node 1534 825 10 0
node 1535 825 5 0
node 1536 825 0 0
node 1537 825 -5 0
node 1538 825 -10 0
node 1539 825 -15 0
node 1540 830 10 0
node 1541 830 5 0
node 1542 830 0 0
node 1543 830 -5 0
node 1544 830 -10 0
node 1545 830 -15 0
node 1546 835 10 0
node 1547 835 5 0
node 1548 835 0 0
node 1549 835 -5 0
node 1550 835 -10 0
node 1551 835 -15 0
node 1552 840 10 0
node 1553 840 5 0
node 1554 840 0 0
node 1555 840 -5 0
node 1556 840 -10 0
node 1557 840 -15 0
node 1558 845 10 0
node 1559 845 5 0
node 1560 845 0 0
node 1561 845 -5 0
node 1562 845 -10 0
node 1563 845 -15 0
node 1564 850 10 0
node 1565 850 5 0
node 1566 850 0 0
node 1567 850 -5 0
node 1568 850 -10 0
node 1569 850 -15 0
node 1570 855 10 0
node 1571 855 5 0
node 1572 855 0 0
node 1573 855 -5 0
node 1574 855 -10 0
node 1575 855 -15 0
node 1576 860 10 0
node 1577 860 5 0
node 1578 860 0 0
node 1579 860 -5 0
node 1580 860 -10 0
node 1581 860 -15 0
node 1582 865 10 0
node 1583 865 5 0
node 1584 865 0 0
node 1585 865 -5 0
node 1586 865 -10 0
node 1587 865 -15 0
node 1588 870 10 0
node 1589 870 5 0
node 1590 870 0 0
node 1591 870 -5 0
node 1592 870 -10 0
node 1593 870 -15 0
node 1594 875 10 0
node 1595 875 5 0
node 1596 875 0 0
node 1597 875 -5 0
node 1598 875 -10 0
node 1599 875 -15 0
node 1600 880 10 0
node 1601 880 5 0
node 1602 880 0 0
node 1603 880 -5 0
node 1604 880 -10 0
node 1605 880 -15 0
node 1606 885 10 0
node 1607 885 5 0
node 1608 885 0 0
node 1609 885 -5 0
node 1610 885 -10 0
node 1611 885 -15 0
node 1612 890 10 0
node 1613 890 5 0
node 1614 890 0 0
node 1615 890 -5 0
node 1616 890 -10 0
node 1617 890 -15 0
node 1618 895 10 0
node 1619 895 5 0
node 1620 895 0 0
node 1621 895 -5 0
node 1622 895 -10 0
node 1623 895 -15 0
node 1624 900 10 0
node 1625 900 5 0
node 1626 900 0 0
node 1627 900 -5 0
node 1628 900 -10 0
node 1629 900 -15 0
node 1630 0 -15 5
node 1631 5 -15 5
node 1632 0 -15 10
node 1633 5 -15 10
node 1634 10 -15 5
node 1635 10 -15 10
node 1636 15 -15 5
node 1637 15 -15 10
node 1638 20 -15 5
node 1639 20 -15 10
node 1640 25 -15 5
node 1641 25 -15 10
node 1642 30 -15 5
node 1643 30 -15 10
node 1644 35 -15 5
node 1645 35 -15 10
node 1646 40 -15 5
node 1647 40 -15 10
node 1648 45 -15 5
node 1649 45 -15 10
node 1650 50 -15 5
node 1651 50 -15 10
node 1652 55 -15 5
node 1653 55 -15 10
node 1654 60 -15 5
node 1655 60 -15 10
node 1656 65 -15 5
node 1657 65 -15 10
node 1658 70 -15 5
node 1659 70 -15 10
node 1660 75 -15 5
node 1661 75 -15 10
node 1662 80 -15 5
node 1663 80 -15 10
node 1664 85 -15 5
node 1665 85 -15 10
node 1666 90 -15 5
node 1667 90 -15 10
node 1668 95 -15 5
node 1669 95 -15 10
node 1670 100 -15 5
node 1671 100 -15 10
node 1672 105 -15 5
node 1673 105 -15 10
node 1674 110 -15 5
node 1675 110 -15 10
node 1676 115 -15 5
node 1677 115 -15 10
node 1678 120 -15 5
node 1679 120 -15 10
node 1680 125 -15 5
node 1681 125 -15 10
node 1682 130 -15 5
node 1683 130 -15 10
node 1684 135 -15 5
node 1685 135 -15 10
node 1686 140 -15 5
node 1687 140 -15 10
node 1688 145 -15 5
node 1689 145 -15 10
node 1690 150 -15 5
node 1691 150 -15 10
node 1692 155 -15 5
node 1693 155 -15 10
node 1694 160 -15 5
node 1695 160 -15 10
node 1696 165 -15 5
node 1697 165 -15 10
node 1698 170 -15 5
node 1699 170 -15 10
node 1700 175 -15 5
node 1701 175 -15 10
node 1702 180 -15 5
node 1703 180 -15 10
node 1704 185 -15 5
node 1705 185 -15 10
node 1706 190 -15 5
node 1707 190 -15 10
node 1708 195 -15 5
node 1709 195 -15 10
node 1710 200 -15 5
node 1711 200 -15 10
node 1712 205 -15 5
node 1713 205 -15 10
node 1714 210 -15 5
node 1715 210 -15 10
node 1716 215 -15 5
node 1717 215 -15 10
node 1718 220 -15 5
node 1719 220 -15 10
node 1720 225 -15 5
node 1721 225 -15 10
node 1722 230 -15 5
node 1723 230 -15 10
node 1724 235 -15 5
node 1725 235 -15 10
node 1726 240 -15 5
node 1727 240 -15 10
node 1728 245 -15 5
node 1729 245 -15 10
node 1730 250 -15 5
node 1731 250 -15 10
node 1732 255 -15 5
node 1733 255 -15 10
node 1734 260 -15 5
node 1735 260 -15 10
node 1736 265 -15 5
node 1737 265 -15 10
node 1738 270 -15 5
node 1739 270 -15 10
node 1740 275 -15 5
node 1741 275 -15 10
node 1742 280 -15 5
node 1743 280 -15 10
node 1744 285 -15 5
node 1745 285 -15 10
node 1746 290 -15 5
node 1747 290 -15 10
node 1748 295 -15 5
node 1749 295 -15 10
node 1750 300 -15 5
node 1751 300 -15 10
node 1752 305 -15 5
node 1753 305 -15 10
node 1754 310 -15 5
node 1755 310 -15 10
node 1756 315 -15 5
node 1757 315 -15 10
node 1758 320 -15 5
node 1759 320 -15 10
node 1760 325 -15 5
node 1761 325 -15 10
node 1762 330 -15 5
node 1763 330 -15 10
node 1764 335 -15 5
node 1765 335 -15 10
node 1766 340 -15 5
node 1767 340 -15 10
node 1768 345 -15 5
node 1769 345 -15 10
node 1770 350 -15 5
node 1771 350 -15 10
node 1772 355 -15 5
node 1773 355 -15 10
node 1774 360 -15 5
node 1775 360 -15 10
node 1776 365 -15 5
node 1777 365 -15 10
node 1778 370 -15 5
node 1779 370 -15 10
node 1780 375 -15 5
node 1781 375 -15 10
node 1782 380 -15 5
node 1783 380 -15 10
node 1784 385 -15 5
node 1785 385 -15 10
node 1786 390 -15 5
node 1787 390 -15 10
node 1788 395 -15 5
node 1789 395 -15 10
node 1790 400 -15 5
node 1791 400 -15 10
node 1792 405 -15 5
node 1793 405 -15 10
node 1794 410 -15 5
node 1795 410 -15 10
node 1796 415 -15 5
node 1797 415 -15 10
node 1798 420 -15 5
node 1799 420 -15 10
node 1800 425 -15 5
node 1801 425 -15 10
node 1802 430 -15 5
node 1803 430 -15 10
node 1804 435 -15 5
node 1805 435 -15 10
node 1806 440 -15 5
node 1807 440 -15 10
node 1808 445 -15 5
node 1809 445 -15 10
node 1810 450 -15 5
node 1811 450 -15 10
node 1812 455 -15 5
node 1813 455 -15 10
node 1814 460 -15 5
node 1815 460 -15 10
node 1816 465 -15 5
node 1817 465 -15 10
node 1818 470 -15 5
node 1819 470 -15 10
node 1820 475 -15 5
node 1821 475 -15 10
node 1822 480 -15 5
node 1823 480 -15 10
node 1824 485 -15 5
node 1825 485 -15 10
node 1826 490 -15 5
node 1827 490 -15 10
node 1828 495 -15 5
node 1829 495 -15 10
node 1830 500 -15 5
node 1831 500 -15 10
node 1832 505 -15 5
node 1833 505 -15 10
node 1834 510 -15 5
node 1835 510 -15 10
node 1836 515 -15 5
node 1837 515 -15 10
node 1838 520 -15 5
node 1839 520 -15 10
node 1840 525 -15 5
node 1841 525 -15 10
node 1842 530 -15 5
node 1843 530 -15 10
node 1844 535 -15 5
node 1845 535 -15 10
node 1846 540 -15 5
node 1847 540 -15 10
node 1848 545 -15 5
node 1849 545 -15 10
node 1850 550 -15 5
node 1851 550 -15 10
node 1852 555 -15 5
node 1853 555 -15 10
node 1854 560 -15 5
node 1855 560 -15 10
node 1856 565 -15 5
node 1857 565 -15 10
node 1858 570 -15 5
node 1859 570 -15 10
node 1860 575 -15 5
node 1861 575 -15 10
node 1862 580 -15 5
node 1863 580 -15 10
node 1864 585 -15 5
node 1865 585 -15 10
node 1866 590 -15 5
node 1867 590 -15 10
node 1868 595 -15 5
node 1869 595 -15 10
node 1870 600 -15 5
node 1871 600 -15 10
node 1872 605 -15 5
node 1873 605 -15 10
node 1874 610 -15 5
node 1875 610 -15 10
node 1876 615 -15 5
node 1877 615 -15 10
node 1878 620 -15 5
node 1879 620 -15 10
node 1880 625 -15 5
node 1881 625 -15 10
node 1882 630 -15 5
node 1883 630 -15 10
node 1884 635 -15 5
node 1885 635 -15 10
node 1886 640 -15 5
node 1887 640 -15 10
node 1888 645 -15 5
node 1889 645 -15 10
node 1890 650 -15 5
node 1891 650 -15 10
node 1892 655 -15 5
node 1893 655 -15 10
node 1894 660 -15 5
node 1895 660 -15 10
node 1896 665 -15 5
node 1897 665 -15 10
node 1898 670 -15 5
node 1899 670 -15 10
node 1900 675 -15 5
node 1901 675 -15 10
node 1902 680 -15 5
node 1903 680 -15 10
node 1904 685 -15 5
node 1905 685 -15 10
node 1906 690 -15 5
node 1907 690 -15 10
node 1908 695 -15 5
node 1909 695 -15 10
node 1910 700 -15 5
node 1911 700 -15 10
node 1912 705 -15 5
node 1913 705 -15 10
node 1914 710 -15 5
node 1915 710 -15 10
node 1916 715 -15 5
node 1917 715 -15 10
node 1918 720 -15 5
node 1919 720 -15 10
node 1920 725 -15 5
node 1921 725 -15 10
node 1922 730 -15 5
node 1923 730 -15 10
node 1924 735 -15 5
node 1925 735 -15 10
node 1926 740 -15 5
node 1927 740 -15 10
node 1928 745 -15 5
node 1929 745 -15 10
node 1930 750 -15 5
node 1931 750 -15 10
node 1932 755 -15 5
node 1933 755 -15 10
node 1934 760 -15 5
node 1935 760 -15 10
node 1936 765 -15 5
node 1937 765 -15 10
node 1938 770 -15 5
node 1939 770 -15 10
node 1940 775 -15 5
node 1941 775 -15 10
node 1942 780 -15 5
node 1943 780 -15 10
node 1944 785 -15 5
node 1945 785 -15 10
node 1946 790 -15 5
node 1947 790 -15 10
node 1948 795 -15 5
node 1949 795 -15 10
node 1950 800 -15 5
node 1951 800 -15 10
node 1952 805 -15 5
node 1953 805 -15 10
node 1954 810 -15 5
node 1955 810 -15 10
node 1956 815 -15 5
node 1957 815 -15 10
node 1958 820 -15 5
node 1959 820 -15 10
node 1960 825 -15 5
node 1961 825 -15 10
node 1962 830 -15 5
node 1963 830 -15 10
node 1964 835 -15 5
node 1965 835 -15 10
node 1966 840 -15 5
node 1967 840 -15 10
node 1968 845 -15 5
node 1969 845 -15 10
node 1970 850 -15 5
node 1971 850 -15 10
node 1972 855 -15 5
node 1973 855 -15 10
node 1974 860 -15 5
node 1975 860 -15 10
node 1976 865 -15 5
node 1977 865 -15 10
node 1978 870 -15 5
node 1979 870 -15 10
node 1980 875 -15 5
node 1981 875 -15 10
node 1982 880 -15 5
node 1983 880 -15 10
node 1984 885 -15 5
node 1985 885 -15 10
node 1986 890 -15 5
node 1987 890 -15 10
node 1988 895 -15 5
node 1989 895 -15 10
node 1990 900 -15 5
node 1991 900 -15 10
