0.000169601 0.0113705
0.000339207 0.022741
0.00050882 0.0341114
0.000678447 0.0454818
0.000848098 0.0568519
0.00101776 0.0682223
0.00118745 0.0795929
0.00135717 0.0909632
0.00152691 0.102334
0.00169669 0.113705
0.00186651 0.125076
0.00203637 0.136447
0.00220628 0.147818
0.00237625 0.15919
0.00254632 0.170563
0.00271638 0.181935
0.00288658 0.193308
0.00305678 0.204681
0.00322712 0.216055
0.00339752 0.22743
0.00356798 0.238804
0.00373854 0.250179
0.00390918 0.261554
0.00407992 0.27293
0.00425076 0.284307
0.00442169 0.295683
0.00459274 0.307061
0.00476389 0.318439
0.00493515 0.329817
0.00510654 0.341196
0.00527804 0.352576
0.00544967 0.363956
0.00562143 0.375337
0.00579333 0.386718
0.00596536 0.3981
0.00613753 0.409483
0.00630985 0.420867
0.00648232 0.432251
0.00665494 0.443636
0.00682772 0.455022
0.00700066 0.466409
0.00717377 0.477796
0.00734704 0.489184
0.00752049 0.500573
0.00769417 0.511964
0.00786792 0.523354
0.00804196 0.534746
0.00821614 0.546138
0.0083905 0.557531
0.00856506 0.568924
0.00873982 0.580319
0.00891478 0.591715
0.00908995 0.603112
0.00926534 0.614509
0.00944094 0.625908
0.00961675 0.637308
0.0097928 0.648709
0.00996907 0.660111
0.0101456 0.671514
0.0103223 0.682918
0.0104993 0.694323
0.0106765 0.705729
0.010854 0.717137
0.0110317 0.728546
0.0112096 0.739956
0.0113879 0.751367
0.0115664 0.76278
0.0117451 0.774193
0.0119241 0.785608
0.0121034 0.797025
0.012283 0.808442
0.0124629 0.819861
0.012643 0.831282
0.0128234 0.842704
0.0130041 0.854127
0.0131852 0.865551
0.0133665 0.876977
0.0135481 0.888404
0.01373 0.899833
0.0139122 0.911264
0.0140948 0.922695
0.0142777 0.934129
0.0144609 0.945564
0.0146444 0.957
0.0148282 0.968438
0.0150124 0.979877
0.0151969 0.991319
0.0153818 1.00276
0.015567 1.01421
0.0157525 1.02565
0.0159384 1.0371
0.0161246 1.04855
0.0163113 1.06
0.0164982 1.07145
0.0166856 1.08291
0.0168733 1.09436
0.0170613 1.10582
0.0172498 1.11728
0.0174386 1.12874
0.0176279 1.14021
0.0178175 1.15167
0.0180075 1.16314
0.0181978 1.17461
0.0183886 1.18608
0.0185798 1.19755
0.0187714 1.20902
0.0189634 1.2205
0.0191558 1.23198
0.0193487 1.24346
0.0195419 1.25494
0.0197356 1.26643
0.0199297 1.27791
0.0201242 1.2894
0.0203191 1.30089
0.0205145 1.31238
0.0207104 1.32388
0.0209066 1.33537
0.0211034 1.34687
0.0213005 1.35837
0.0214981 1.36988
0.0216962 1.38138
0.0218948 1.39289
0.0220937 1.4044
0.0222932 1.41591
0.0224931 1.42742
0.0226936 1.43894
0.0228944 1.45045
0.0230958 1.46197
0.0232976 1.4735
0.0235 1.48502
0.0237028 1.49655
0.0239061 1.50808
0.0241099 1.51961
0.0243142 1.53114
0.024519 1.54268
0.0247243 1.55422
0.0249302 1.56576
0.0251365 1.5773
0.0253433 1.58884
0.0255507 1.60039
0.0257586 1.61194
0.025967 1.62349
0.026176 1.63505
0.0263855 1.64661
0.0265955 1.65817
0.026806 1.66973
0.0270171 1.6813
0.0272288 1.69286
0.0274409 1.70443
0.0276537 1.71601
0.027867 1.72758
0.0280808 1.73916
0.0282952 1.75074
0.0285102 1.76232
0.0287257 1.77391
0.0289418 1.7855
0.0291585 1.79709
0.0293757 1.80868
0.0295935 1.82028
0.0298119 1.83187
0.0300309 1.84348
0.0302505 1.85508
0.0304706 1.86668
0.0306914 1.87829
0.0309127 1.88991
0.0311346 1.90152
0.0313572 1.91314
0.0315803 1.92476
0.031804 1.93638
0.0320284 1.948
0.0322534 1.95963
0.0324789 1.97126
0.0327051 1.98289
0.0329319 1.99453
0.0331594 2.00617
0.0333874 2.01781
0.0336161 2.02945
0.0338455 2.0411
0.0340754 2.05275
0.034306 2.0644
0.0345372 2.07605
0.0347691 2.08771
0.0350016 2.09937
0.0352348 2.11103
0.0354686 2.1227
0.035703 2.13437
0.0359381 2.14604
0.0361739 2.15771
0.0364103 2.16939
0.0366474 2.18107
0.0368851 2.19275
0.0371235 2.20443
0.0373626 2.21612
0.0376024 2.22781
0.0378428 2.2395
0.0380839 2.2512
0.0383257 2.2629
0.0385682 2.2746
0.0388114 2.28631
0.0390552 2.29801
0.0392998 2.30972
0.039545 2.32144
0.039791 2.33315
0.0400376 2.34487
0.0402849 2.35659
0.040533 2.36832
0.0407817 2.38005
0.0410312 2.39178
0.0412813 2.40351
0.0415322 2.41525
0.0417838 2.42699
0.0420361 2.43873
0.0422892 2.45048
0.0425429 2.46222
0.0427974 2.47398
0.0430526 2.48573
0.0433086 2.49749
0.0435653 2.50925
0.0438227 2.52101
0.0440808 2.53278
0.0443397 2.54454
0.0445994 2.55632
0.0448597 2.56809
0.0451209 2.57987
0.0453827 2.59165
0.0456454 2.60343
0.0459087 2.61522
0.0461729 2.62701
0.0464378 2.6388
0.0467034 2.6506
0.0469698 2.6624
0.047237 2.6742
0.047505 2.686
0.0477737 2.69781
0.0480432 2.70962
0.0483134 2.72143
0.0485845 2.73325
0.0488563 2.74507
0.0491289 2.75689
0.0494023 2.76872
0.0496764 2.78055
0.0499514 2.79238
0.0502271 2.80421
0.0505037 2.81605
0.050781 2.82789
0.0510591 2.83973
0.051338 2.85158
0.0516177 2.86343
0.0518983 2.87528
0.0521796 2.88713
0.0524617 2.89899
0.0527447 2.91085
0.0530284 2.92272
0.053313 2.93458
0.0535983 2.94645
0.0538845 2.95833
0.0541716 2.9702
0.0544594 2.98208
0.054748 2.99396
0.0550375 3.00585
0.0553278 3.01773
0.055619 3.02962
0.0559109 3.04152
0.0562037 3.05341
0.0564974 3.06531
0.0567918 3.07721
0.0570871 3.08912
0.0573833 3.10103
0.0576803 3.11294
0.0579781 3.12485
0.0582768 3.13677
0.0585763 3.14869
0.0588767 3.16061
0.059178 3.17254
0.05948 3.18446
0.059783 3.1964
0.0600868 3.20833
0.0603915 3.22027
0.060697 3.23221
0.0610034 3.24415
0.0613106 3.2561
0.0616188 3.26804
0.0619278 3.28
0.0622376 3.29195
0.0625484 3.30391
0.06286 3.31587
0.0631725 3.32783
0.0634859 3.33979
0.0638001 3.35176
0.0641153 3.36373
0.0644313 3.37571
0.0647482 3.38768
0.065066 3.39966
0.0653847 3.41165
0.0657043 3.42363
0.0660248 3.43562
0.0663461 3.44761
0.0666684 3.4596
0.0669916 3.4716
0.0673157 3.4836
0.0676407 3.4956
0.0679666 3.50761
0.0682934 3.51962
0.0686212 3.53163
0.0689498 3.54364
0.0692793 3.55566
0.0696098 3.56767
0.0699412 3.5797
0.0702735 3.59172
0.0706067 3.60375
0.0709408 3.61577
0.0712759 3.62781
0.0716119 3.63984
0.0719488 3.65188
0.0722866 3.66392
0.0726254 3.67596
0.0729651 3.688
0.0733057 3.70005
0.0736473 3.7121
0.0739898 3.72415
0.0743333 3.73621
0.0746776 3.74826
0.075023 3.76032
0.0753693 3.77239
0.0757165 3.78445
0.0760646 3.79652
0.0764138 3.80859
0.0767638 3.82066
0.0771148 3.83273
0.0774668 3.84481
0.0778198 3.85689
0.0781737 3.86897
0.0785285 3.88106
0.0788843 3.89314
0.0792411 3.90523
0.0795989 3.91732
0.0799576 3.92941
0.0803173 3.94151
0.0806779 3.95361
0.0810396 3.96571
0.0814022 3.97781
0.0817658 3.98992
0.0821303 4.00202
0.0824959 4.01413
0.0828624 4.02625
0.0832299 4.03836
0.0835984 4.05048
0.0839679 4.0626
0.0843384 4.07472
0.0847099 4.08684
0.0850824 4.09897
0.0854559 4.11109
0.0858303 4.12322
0.0862058 4.13536
0.0865823 4.14749
0.0869598 4.15963
0.0873384 4.17177
0.0877179 4.18391
0.0880984 4.19605
0.08848 4.2082
0.0888625 4.22035
0.0892461 4.2325
0.0896307 4.24465
0.0900164 4.25681
0.090403 4.26896
0.0907907 4.28112
0.0911794 4.29328
0.0915692 4.30545
0.0919599 4.31761
0.0923518 4.32978
0.0927446 4.34195
0.0931385 4.35412
0.0935334 4.36629
0.0939294 4.37847
0.0943265 4.39065
0.0947245 4.40283
0.0951237 4.41501
0.0955238 4.42719
0.0959251 4.43938
0.0963274 4.45157
0.0967307 4.46376
0.0971352 4.47595
0.0975407 4.48814
0.0979472 4.50034
0.0983548 4.51254
0.0987635 4.52474
0.0991733 4.53694
0.0995841 4.54914
0.0999961 4.56135
0.100409 4.57356
0.100823 4.58577
0.101238 4.59798
0.101655 4.61019
0.102072 4.62241
0.10249 4.63463
0.10291 4.64685
0.10333 4.65907
0.103752 4.67129
0.104175 4.68351
0.104599 4.69574
0.105024 4.70797
0.10545 4.7202
0.105877 4.73243
0.106306 4.74466
0.106735 4.7569
0.107166 4.76913
0.107597 4.78137
0.10803 4.79361
0.108464 4.80585
0.108899 4.81809
0.109335 4.83034
0.109773 4.84258
0.110211 4.85483
0.110651 4.86708
0.111091 4.87933
0.111533 4.89158
0.111976 4.90384
0.11242 4.91609
0.112866 4.92835
0.113312 4.94061
0.11376 4.95287
0.114208 4.96513
0.114658 4.97739
0.115109 4.98965
0.115562 5.00192
0.116015 5.01418
0.116469 5.02645
0.116925 5.03872
0.117382 5.05099
0.11784 5.06326
0.118299 5.07553
0.11876 5.08781
0.119221 5.10008
0.119684 5.11236
0.120148 5.12463
0.120613 5.13691
0.121079 5.14919
0.121547 5.16147
0.122015 5.17375
0.122485 5.18603
0.122956 5.19832
0.123428 5.2106
0.123902 5.22289
0.124376 5.23517
0.124852 5.24746
0.125329 5.25975
0.125808 5.27204
0.126287 5.28433
0.126768 5.29662
0.12725 5.30891
0.127733 5.32121
0.128217 5.3335
0.128703 5.34579
0.12919 5.35809
0.129678 5.37039
0.130167 5.38268
0.130658 5.39498
0.13115 5.40728
0.131643 5.41958
0.132137 5.43188
0.132633 5.44418
0.13313 5.45648
0.133628 5.46878
0.134127 5.48108
0.134628 5.49338
0.135129 5.50569
0.135632 5.51799
0.136137 5.53029
0.136643 5.5426
0.137149 5.55491
0.137658 5.56721
0.138167 5.57952
0.138678 5.59182
0.13919 5.60413
0.139703 5.61644
0.140218 5.62875
0.140734 5.64105
0.141251 5.65336
0.14177 5.66567
0.14229 5.67798
0.142811 5.69029
0.143333 5.7026
0.143857 5.71491
0.144382 5.72722
0.144909 5.73953
0.145436 5.75184
0.145965 5.76415
0.146496 5.77647
0.147028 5.78878
0.147561 5.80109
0.148095 5.8134
0.148631 5.82571
0.149168 5.83802
0.149706 5.85033
0.150246 5.86265
0.150787 5.87496
0.15133 5.88727
0.151874 5.89958
0.152419 5.91189
0.152966 5.9242
0.153514 5.93652
0.154063 5.94883
0.154614 5.96114
0.155166 5.97345
0.155719 5.98576
0.156274 5.99807
0.15683 6.01038
0.157388 6.02269
0.157947 6.035
0.158508 6.04731
0.159069 6.05962
0.159633 6.07193
0.160197 6.08424
0.160763 6.09655
0.161331 6.10886
0.1619 6.12117
0.16247 6.13348
0.163042 6.14578
0.163615 6.15809
0.16419 6.1704
0.164766 6.1827
0.165343 6.19501
0.165922 6.20731
0.166503 6.21962
0.167085 6.23192
0.167668 6.24423
0.168253 6.25653
0.168839 6.26883
0.169427 6.28113
0.170016 6.29344
0.170606 6.30574
0.171198 6.31804
0.171792 6.33034
0.172387 6.34263
0.172984 6.35493
0.173582 6.36723
0.174181 6.37953
0.174782 6.39182
0.175385 6.40412
0.175989 6.41641
0.176594 6.42871
0.177201 6.441
0.17781 6.45329
0.17842 6.46558
0.179031 6.47787
0.179644 6.49016
0.180259 6.50245
0.180875 6.51474
0.181493 6.52702
0.182112 6.53931
0.182733 6.55159
0.183355 6.56387
0.183979 6.57616
0.184604 6.58844
0.185231 6.60072
0.18586 6.613
0.18649 6.62528
0.187122 6.63755
0.187755 6.64983
0.18839 6.6621
0.189026 6.67438
0.189664 6.68665
0.190304 6.69892
0.190945 6.71119
0.191587 6.72346
0.192232 6.73572
0.192878 6.74799
0.193525 6.76026
0.194174 6.77252
0.194825 6.78478
0.195477 6.79704
0.196131 6.8093
0.196787 6.82156
0.197444 6.83381
0.198103 6.84607
0.198764 6.85832
0.199426 6.87057
0.200089 6.88283
0.200755 6.89507
0.201422 6.90732
0.20209 6.91957
0.202761 6.93181
0.203433 6.94406
0.204106 6.9563
0.204782 6.96854
0.205459 6.98077
0.206137 6.99301
0.206818 7.00525
0.2075 7.01748
0.208183 7.02971
0.208869 7.04194
0.209556 7.05417
0.210245 7.06639
0.210935 7.07862
0.211627 7.09084
0.212321 7.10306
0.213017 7.11528
0.213714 7.1275
0.214413 7.13971
0.215114 7.15192
0.215816 7.16414
0.21652 7.17634
0.217226 7.18855
0.217934 7.20076
0.218643 7.21296
0.219354 7.22516
0.220067 7.23736
0.220781 7.24956
0.221498 7.26175
0.222216 7.27395
0.222936 7.28614
0.223657 7.29833
0.224381 7.31051
0.225106 7.3227
0.225833 7.33488
0.226561 7.34706
0.227292 7.35924
0.228024 7.37141
0.228758 7.38359
0.229494 7.39576
0.230231 7.40793
0.230971 7.4201
0.231712 7.43226
0.232455 7.44443
0.2332 7.45659
0.233947 7.46875
0.234696 7.48091
0.235446 7.49306
0.236198 7.50521
0.236952 7.51736
0.237708 7.52951
0.238465 7.54165
0.239225 7.5538
0.239986 7.56594
0.240749 7.57807
0.241514 7.59021
0.242281 7.60234
0.24305 7.61447
0.24382 7.62659
0.244592 7.63872
0.245367 7.65084
0.246143 7.66296
0.24692 7.67507
0.2477 7.68719
0.248482 7.69929
0.249265 7.7114
0.250051 7.72351
0.250838 7.73561
0.251627 7.74771
0.252418 7.7598
0.253211 7.77189
0.254006 7.78398
0.254802 7.79607
0.255601 7.80815
0.256401 7.82024
0.257203 7.83231
0.258007 7.84439
0.258814 7.85646
0.259622 7.86853
0.260431 7.88059
0.261243 7.89266
0.262057 7.90472
0.262872 7.91677
0.26369 7.92882
0.264509 7.94087
0.265331 7.95292
0.266154 7.96496
0.266979 7.977
0.267806 7.98904
0.268635 8.00107
0.269466 8.0131
0.270299 8.02513
0.271134 8.03715
0.271971 8.04917
0.272809 8.06119
0.27365 8.0732
0.274493 8.08521
0.275337 8.09721
0.276183 8.10921
0.277031 8.12121
0.277881 8.1332
0.278734 8.14519
0.279588 8.15718
0.280444 8.16916
0.281302 8.18113
0.282161 8.19311
0.283023 8.20508
0.283887 8.21705
0.284753 8.22901
0.285621 8.24097
0.28649 8.25292
0.287362 8.26487
0.288235 8.27682
0.289111 8.28876
0.289988 8.3007
0.290868 8.31264
0.291749 8.32457
0.292633 8.3365
0.293518 8.34842
0.294405 8.36034
0.295295 8.37225
0.296186 8.38417
0.297079 8.39607
0.297974 8.40798
0.298871 8.41987
0.29977 8.43177
0.300672 8.44366
0.301575 8.45554
0.30248 8.46742
0.303387 8.4793
0.304296 8.49117
0.305206 8.50304
0.306119 8.51491
0.307034 8.52677
0.307951 8.53862
0.30887 8.55047
0.30979 8.56232
0.310713 8.57416
0.311638 8.58599
0.312565 8.59783
0.313493 8.60965
0.314424 8.62148
0.315356 8.63329
0.316291 8.64511
0.317227 8.65691
0.318166 8.66872
0.319106 8.68052
0.320048 8.69231
0.320993 8.7041
0.321939 8.71588
0.322887 8.72766
0.323837 8.73944
0.324789 8.75121
0.325744 8.76297
0.3267 8.77473
0.327658 8.78648
0.328617 8.79823
0.329579 8.80998
0.330543 8.82171
0.331509 8.83345
0.332477 8.84518
0.333446 8.8569
0.334418 8.86862
0.335391 8.88033
0.336367 8.89204
0.337344 8.90374
0.338324 8.91543
0.339305 8.92712
0.340288 8.93881
0.341273 8.95049
0.34226 8.96216
0.343249 8.97383
0.34424 8.9855
0.345233 8.99715
0.346227 9.00881
0.347224 9.02045
0.348223 9.03209
0.349223 9.04373
0.350225 9.05536
0.35123 9.06698
0.352236 9.0786
0.353244 9.09021
0.354254 9.10182
0.355266 9.11342
0.356279 9.12501
0.357295 9.1366
0.358312 9.14818
0.359332 9.15976
0.360353 9.17133
0.361376 9.18289
0.362401 9.19445
0.363428 9.206
0.364456 9.21755
0.365487 9.22909
0.366519 9.24062
0.367554 9.25215
0.36859 9.26367
0.369628 9.27519
0.370668 9.28669
0.371709 9.2982
0.372753 9.30969
0.373798 9.32118
0.374845 9.33267
0.375894 9.34414
0.376945 9.35561
0.377998 9.36708
0.379052 9.37853
0.380108 9.38999
0.381166 9.40143
0.382226 9.41287
0.383288 9.4243
0.384351 9.43573
0.385417 9.44714
0.386484 9.45856
0.387553 9.46996
0.388623 9.48136
0.389696 9.49275
0.39077 9.50414
0.391846 9.51551
0.392924 9.52689
0.394003 9.53825
0.395085 9.54961
0.396168 9.56096
0.397253 9.57231
0.398339 9.58364
0.399428 9.59497
0.400518 9.6063
0.40161 9.61761
0.402703 9.62892
0.403799 9.64023
0.404896 9.65152
0.405994 9.66281
0.407095 9.6741
0.408197 9.68537
0.409301 9.69664
0.410407 9.7079
0.411514 9.71916
0.412623 9.7304
0.413734 9.74164
0.414847 9.75288
0.415961 9.7641
0.417077 9.77532
0.418195 9.78653
0.419314 9.79774
0.420435 9.80894
0.421558 9.82013
0.422682 9.83131
0.423809 9.84249
0.424936 9.85366
0.426066 9.86482
0.427197 9.87597
0.42833 9.88712
0.429464 9.89826
0.430601 9.9094
0.431738 9.92052
0.432878 9.93164
0.434019 9.94275
0.435162 9.95386
0.436306 9.96496
0.437452 9.97605
0.4386 9.98713
0.43975 9.9982
0.440901 10.0093
0.442054 10.0203
0.443208 10.0314
0.444364 10.0424
0.445522 10.0535
0.446681 10.0645
0.447842 10.0755
0.449004 10.0865
0.450169 10.0976
0.451334 10.1086
0.452502 10.1196
0.453671 10.1305
0.454842 10.1415
0.456014 10.1525
0.457188 10.1635
0.458364 10.1744
0.459541 10.1854
0.46072 10.1963
0.4619 10.2073
0.463082 10.2182
0.464266 10.2291
0.465451 10.24
0.466638 10.2509
0.467826 10.2618
0.469017 10.2727
0.470208 10.2836
0.471402 10.2945
0.472597 10.3054
0.473793 10.3162
0.474991 10.3271
0.476191 10.338
0.477392 10.3488
0.478595 10.3596
0.4798 10.3705
0.481006 10.3813
0.482214 10.3921
0.483423 10.4029
0.484634 10.4137
0.485847 10.4245
0.487061 10.4353
0.488277 10.4461
0.489494 10.4569
0.490713 10.4676
0.491934 10.4784
0.493156 10.4891
0.49438 10.4999
0.495606 10.5106
0.496833 10.5213
0.498061 10.5321
0.499292 10.5428
0.500523 10.5535
0.501757 10.5642
0.502992 10.5749
0.504229 10.5856
0.505467 10.5963
0.506707 10.6069
0.507948 10.6176
0.509191 10.6283
0.510436 10.6389
0.511682 10.6496
0.51293 10.6602
0.51418 10.6708
0.515431 10.6815
0.516684 10.6921
0.517938 10.7027
0.519194 10.7133
0.520452 10.7239
0.521711 10.7345
0.522972 10.7451
0.524235 10.7557
0.525499 10.7662
0.526765 10.7768
0.528032 10.7874
0.529301 10.7979
0.530572 10.8085
0.531844 10.819
0.533118 10.8295
0.534394 10.8401
0.535671 10.8506
0.53695 10.8611
0.53823 10.8716
0.539513 10.8821
0.540796 10.8926
0.542082 10.9031
0.543369 10.9136
0.544658 10.924
0.545948 10.9345
0.54724 10.945
0.548534 10.9554
0.549829 10.9659
0.551126 10.9763
0.552425 10.9867
0.553726 10.9972
0.555028 11.0076
0.556331 11.018
0.557637 11.0284
0.558944 11.0388
0.560253 11.0492
0.561563 11.0596
0.562875 11.07
0.564189 11.0804
0.565505 11.0907
0.566822 11.1011
0.568141 11.1115
0.569462 11.1218
0.570784 11.1322
0.572108 11.1425
0.573434 11.1528
0.574761 11.1632
0.576091 11.1735
0.577422 11.1838
0.578754 11.1941
0.580089 11.2044
0.581425 11.2147
0.582763 11.225
0.584102 11.2353
0.585443 11.2456
0.586787 11.2559
0.588131 11.2661
0.589478 11.2764
0.590826 11.2867
0.592176 11.2969
0.593528 11.3072
0.594882 11.3174
0.596237 11.3276
0.597594 11.3379
0.598953 11.3481
0.600314 11.3583
0.601676 11.3685
0.603041 11.3787
0.604407 11.3889
0.605774 11.3991
0.607144 11.4093
0.608516 11.4195
0.609889 11.4297
0.611264 11.4399
0.612641 11.45
0.614019 11.4602
0.6154 11.4703
0.616782 11.4805
0.618166 11.4906
0.619552 11.5008
0.62094 11.5109
0.62233 11.521
0.623721 11.5312
0.625115 11.5413
0.62651 11.5514
0.627907 11.5615
0.629306 11.5716
0.630707 11.5817
0.63211 11.5918
0.633514 11.6019
0.634921 11.612
0.636329 11.622
0.637739 11.6321
0.639151 11.6422
0.640565 11.6522
0.641981 11.6623
0.643399 11.6724
0.644819 11.6824
0.64624 11.6924
0.647664 11.7025
0.649089 11.7125
0.650517 11.7225
0.651946 11.7326
0.653377 11.7426
0.65481 11.7526
0.656246 11.7626
0.657683 11.7726
0.659122 11.7826
0.660563 11.7926
0.662006 11.8026
0.663451 11.8125
0.664898 11.8225
0.666347 11.8325
0.667797 11.8425
0.66925 11.8524
0.670705 11.8624
0.672162 11.8723
0.673621 11.8823
0.675082 11.8922
0.676545 11.9022
0.67801 11.9121
0.679477 11.922
0.680946 11.9319
0.682417 11.9419
0.68389 11.9518
0.685365 11.9617
0.686842 11.9716
0.688321 11.9815
0.689802 11.9914
0.691286 12.0013
0.692771 12.0112
0.694259 12.0211
0.695748 12.0309
0.69724 12.0408
0.698733 12.0507
0.700229 12.0606
0.701727 12.0704
0.703227 12.0803
0.704729 12.0901
0.706233 12.1
0.70774 12.1098
0.709248 12.1197
0.710759 12.1295
0.712272 12.1393
0.713786 12.1492
0.715303 12.159
0.716823 12.1688
0.718344 12.1786
0.719867 12.1884
0.721393 12.1982
0.722921 12.208
0.724451 12.2178
0.725983 12.2276
0.727518 12.2374
0.729054 12.2472
0.730593 12.257
0.732134 12.2668
0.733677 12.2765
0.735222 12.2863
0.73677 12.2961
0.73832 12.3058
0.739872 12.3156
0.741426 12.3253
0.742983 12.3351
0.744542 12.3448
0.746103 12.3546
0.747666 12.3643
0.749232 12.374
0.750799 12.3838
0.75237 12.3935
0.753942 12.4032
0.755517 12.4129
0.757094 12.4227
0.758673 12.4324
0.760255 12.4421
0.761839 12.4518
0.763425 12.4615
0.765013 12.4712
0.766604 12.4809
0.768197 12.4906
0.769793 12.5002
0.771391 12.5099
0.772991 12.5196
0.774594 12.5293
0.776198 12.5389
0.777806 12.5486
0.779415 12.5583
0.781027 12.5679
0.782642 12.5776
0.784259 12.5872
0.785878 12.5969
0.7875 12.6065
0.789124 12.6162
0.79075 12.6258
0.792379 12.6355
0.79401 12.6451
0.795644 12.6547
0.79728 12.6643
0.798919 12.674
0.80056 12.6836
0.802203 12.6932
0.803849 12.7028
0.805497 12.7124
0.807148 12.722
0.808802 12.7316
0.810457 12.7412
0.812116 12.7508
0.813777 12.7604
0.81544 12.77
0.817106 12.7796
0.818774 12.7891
0.820445 12.7987
0.822118 12.8083
0.823794 12.8179
0.825473 12.8274
0.827154 12.837
0.828837 12.8466
0.830523 12.8561
0.832212 12.8657
0.833903 12.8752
0.835597 12.8848
0.837293 12.8943
0.838992 12.9038
0.840694 12.9134
0.842398 12.9229
0.844104 12.9325
0.845814 12.942
0.847526 12.9515
0.84924 12.961
0.850957 12.9706
0.852677 12.9801
0.8544 12.9896
0.856125 12.9991
0.857852 13.0086
0.859583 13.0181
0.861316 13.0276
0.863052 13.0371
0.86479 13.0466
0.866531 13.0561
0.868275 13.0656
0.870021 13.0751
0.871771 13.0846
0.873522 13.094
0.875277 13.1035
0.877034 13.113
0.878794 13.1225
0.880557 13.1319
0.882323 13.1414
0.884091 13.1509
0.885862 13.1603
0.887636 13.1698
0.889412 13.1792
0.891191 13.1887
0.892973 13.1981
0.894758 13.2076
0.896546 13.217
0.898336 13.2265
0.900129 13.2359
0.901925 13.2453
0.903724 13.2548
0.905526 13.2642
0.90733 13.2736
0.909138 13.2831
0.910948 13.2925
0.912761 13.3019
0.914577 13.3113
0.916395 13.3207
0.918217 13.3301
0.920041 13.3395
0.921869 13.349
0.923699 13.3584
0.925532 13.3678
0.927368 13.3772
0.929207 13.3866
0.931049 13.3959
0.932893 13.4053
0.934741 13.4147
0.936592 13.4241
0.938445 13.4335
0.940301 13.4429
0.942161 13.4522
0.944023 13.4616
0.945889 13.471
0.947757 13.4804
0.949628 13.4897
0.951502 13.4991
0.95338 13.5085
0.95526 13.5178
0.957143 13.5272
0.959029 13.5365
0.960918 13.5459
0.962811 13.5552
0.964706 13.5646
0.966604 13.5739
0.968506 13.5833
0.97041 13.5926
0.972318 13.6019
0.974228 13.6113
0.976142 13.6206
0.978058 13.6299
0.979978 13.6393
0.981901 13.6486
0.983827 13.6579
0.985756 13.6672
0.987688 13.6765
0.989623 13.6859
0.991562 13.6952
0.993503 13.7045
0.995448 13.7138
0.997396 13.7231
0.999347 13.7324
1.0013 13.7417
1.00326 13.751
1.00522 13.7603
1.00718 13.7696
1.00915 13.7789
1.01112 13.7882
1.01309 13.7975
1.01507 13.8068
1.01705 13.816
1.01903 13.8253
1.02102 13.8346
1.02301 13.8439
1.025 13.8532
1.027 13.8624
1.02899 13.8717
1.031 13.881
1.033 13.8902
1.03501 13.8995
1.03702 13.9088
1.03904 13.918
1.04106 13.9273
1.04308 13.9365
1.04511 13.9458
1.04713 13.955
1.04917 13.9643
1.0512 13.9735
1.05324 13.9828
1.05528 13.992
1.05733 14.0013
1.05938 14.0105
1.06143 14.0197
1.06348 14.029
1.06554 14.0382
1.0676 14.0474
1.06967 14.0567
1.07174 14.0659
1.07381 14.0751
1.07589 14.0843
1.07797 14.0935
1.08005 14.1028
1.08214 14.112
1.08423 14.1212
1.08632 14.1304
1.08842 14.1396
1.09052 14.1488
1.09262 14.158
1.09473 14.1672
1.09684 14.1764
1.09895 14.1856
1.10107 14.1948
1.10319 14.204
1.10531 14.2132
1.10744 14.2224
1.10957 14.2316
1.11171 14.2408
1.11385 14.25
1.11599 14.2592
1.11814 14.2683
1.12029 14.2775
1.12244 14.2867
1.1246 14.2959
1.12676 14.305
1.12892 14.3142
1.13109 14.3234
1.13326 14.3326
1.13543 14.3417
1.13761 14.3509
1.13979 14.36
1.14198 14.3692
1.14417 14.3784
1.14636 14.3875
1.14856 14.3967
1.15076 14.4058
1.15296 14.415
1.15517 14.4241
1.15738 14.4333
1.1596 14.4424
1.16182 14.4516
1.16404 14.4607
1.16627 14.4699
1.1685 14.479
1.17073 14.4881
1.17297 14.4973
1.17521 14.5064
1.17746 14.5155
1.17971 14.5247
1.18196 14.5338
1.18422 14.5429
1.18648 14.552
1.18874 14.5612
1.19101 14.5703
1.19328 14.5794
1.19556 14.5885
1.19784 14.5976
1.20012 14.6068
1.20241 14.6159
1.2047 14.625
1.20699 14.6341
1.20929 14.6432
1.2116 14.6523
1.2139 14.6614
1.21621 14.6705
1.21853 14.6796
1.22085 14.6887
1.22317 14.6978
1.2255 14.7069
1.22783 14.716
1.23016 14.7251
1.2325 14.7342
1.23484 14.7433
1.23719 14.7524
1.23954 14.7614
1.2419 14.7705
1.24425 14.7796
1.24662 14.7887
1.24898 14.7978
1.25135 14.8069
1.25373 14.8159
1.25611 14.825
1.25849 14.8341
1.26088 14.8431
1.26327 14.8522
1.26566 14.8613
1.26806 14.8704
1.27047 14.8794
1.27288 14.8885
1.27529 14.8975
1.2777 14.9066
1.28012 14.9157
1.28255 14.9247
1.28498 14.9338
1.28741 14.9428
1.28984 14.9519
1.29229 14.9609
1.29473 14.97
1.29718 14.979
1.29963 14.9881
1.30209 14.9971
1.30455 15.0062
1.30702 15.0152
1.30949 15.0242
1.31197 15.0333
1.31444 15.0423
1.31693 15.0514
1.31942 15.0604
1.32191 15.0694
1.3244 15.0785
1.3269 15.0875
1.32941 15.0965
1.33192 15.1055
1.33443 15.1146
1.33695 15.1236
1.33947 15.1326
1.342 15.1416
1.34453 15.1507
1.34707 15.1597
1.34961 15.1687
1.35215 15.1777
1.3547 15.1867
1.35725 15.1957
1.35981 15.2048
1.36237 15.2138
1.36494 15.2228
1.36751 15.2318
1.37009 15.2408
1.37267 15.2498
1.37525 15.2588
1.37784 15.2678
1.38043 15.2768
1.38303 15.2858
1.38564 15.2948
1.38824 15.3038
1.39085 15.3128
1.39347 15.3218
1.39609 15.3308
1.39872 15.3398
1.40135 15.3487
1.40398 15.3577
1.40662 15.3667
1.40927 15.3757
1.41191 15.3847
1.41457 15.3937
1.41723 15.4027
1.41989 15.4116
1.42256 15.4206
1.42523 15.4296
1.4279 15.4386
1.43059 15.4475
1.43327 15.4565
1.43596 15.4655
1.43866 15.4745
1.44136 15.4834
1.44406 15.4924
1.44677 15.5014
1.44949 15.5103
1.45221 15.5193
1.45493 15.5283
1.45766 15.5372
1.4604 15.5462
1.46313 15.5551
1.46588 15.5641
1.46863 15.573
1.47138 15.582
1.47414 15.591
1.4769 15.5999
1.47967 15.6089
1.48244 15.6178
1.48522 15.6268
1.488 15.6357
1.49079 15.6447
1.49358 15.6536
1.49638 15.6625
1.49918 15.6715
1.50199 15.6804
1.5048 15.6894
1.50762 15.6983
1.51044 15.7072
1.51327 15.7162
1.5161 15.7251
1.51894 15.7341
1.52178 15.743
1.52463 15.7519
1.52748 15.7609
1.53034 15.7698
1.5332 15.7787
1.53607 15.7876
1.53894 15.7966
1.54182 15.8055
1.5447 15.8144
1.54759 15.8233
1.55049 15.8323
1.55339 15.8412
1.55629 15.8501
1.5592 15.859
1.56211 15.8679
1.56503 15.8769
1.56796 15.8858
1.57089 15.8947
1.57382 15.9036
1.57676 15.9125
1.57971 15.9214
1.58266 15.9303
1.58562 15.9392
1.58858 15.9481
1.59155 15.957
1.59452 15.966
1.5975 15.9749
1.60048 15.9838
1.60347 15.9927
1.60646 16.0016
1.60946 16.0105
1.61247 16.0194
1.61548 16.0283
1.61849 16.0372
1.62151 16.0461
1.62454 16.0549
1.62757 16.0638
1.63061 16.0727
1.63365 16.0816
1.6367 16.0905
1.63975 16.0994
1.64281 16.1083
1.64588 16.1172
1.64895 16.1261
1.65202 16.1349
1.6551 16.1438
1.65819 16.1527
1.66128 16.1616
1.66438 16.1705
1.66749 16.1794
1.6706 16.1882
1.67371 16.1971
1.67683 16.206
1.67996 16.2149
1.68309 16.2237
1.68623 16.2326
1.68937 16.2415
1.69252 16.2504
1.69568 16.2592
1.69884 16.2681
1.702 16.277
1.70517 16.2858
1.70835 16.2947
1.71154 16.3036
1.71473 16.3124
