0.000169601 0.0155664
0.000339207 0.0311328
0.00050882 0.0466992
0.000678447 0.0622654
0.000848098 0.077831
0.00101776 0.0933972
0.00118745 0.108963
0.00135717 0.124529
0.00152691 0.140096
0.00169669 0.155662
0.00186651 0.171229
0.00203637 0.186796
0.00220628 0.202363
0.00237625 0.217931
0.00254632 0.233499
0.00271638 0.249067
0.00288658 0.264636
0.00305678 0.280204
0.00322712 0.295774
0.00339752 0.311344
0.00356798 0.326914
0.00373854 0.342484
0.00390918 0.358055
0.00407992 0.373626
0.00425076 0.389198
0.00442169 0.40477
0.00459274 0.420343
0.00476389 0.435916
0.00493515 0.45149
0.00510654 0.467064
0.00527804 0.482639
0.00544967 0.498214
0.00562143 0.51379
0.00579333 0.529366
0.00596536 0.544944
0.00613753 0.560521
0.00630985 0.5761
0.00648232 0.591679
0.00665494 0.607259
0.00682772 0.622839
0.00700066 0.638421
0.00717377 0.654003
0.00734704 0.669586
0.00752049 0.685169
0.00769417 0.700754
0.00786792 0.716338
0.00804196 0.731924
0.00821614 0.74751
0.0083905 0.763096
0.00856506 0.778684
0.00873982 0.794272
0.00891478 0.809862
0.00908995 0.825452
0.00926534 0.841043
0.00944094 0.856635
0.00961675 0.872228
0.0097928 0.887822
0.00996907 0.903417
0.0101456 0.919013
0.0103223 0.93461
0.0104993 0.950207
0.0106765 0.965806
0.010854 0.981407
0.0110317 0.997008
0.0112096 1.01261
0.0113879 1.02821
0.0115664 1.04382
0.0117451 1.05942
0.0119241 1.07503
0.0121034 1.09064
0.012283 1.10625
0.0124629 1.12186
0.012643 1.13747
0.0128234 1.15308
0.0130041 1.1687
0.0131852 1.18431
0.0133665 1.19993
0.0135481 1.21555
0.01373 1.23116
0.0139122 1.24678
0.0140948 1.26241
0.0142777 1.27803
0.0144609 1.29365
0.0146444 1.30928
0.0148282 1.32491
0.0150124 1.34054
0.0151969 1.35617
0.0153818 1.3718
0.015567 1.38743
0.0157525 1.40306
0.0159384 1.4187
0.0161246 1.43434
0.0163113 1.44998
0.0164982 1.46562
0.0166856 1.48126
0.0168733 1.4969
0.0170613 1.51255
0.0172498 1.52819
0.0174386 1.54384
0.0176279 1.55949
0.0178175 1.57514
0.0180075 1.5908
0.0181978 1.60645
0.0183886 1.62211
0.0185798 1.63776
0.0187714 1.65342
0.0189634 1.66908
0.0191558 1.68475
0.0193487 1.70041
0.0195419 1.71608
0.0197356 1.73175
0.0199297 1.74742
0.0201242 1.76309
0.0203191 1.77876
0.0205145 1.79443
0.0207104 1.81011
0.0209066 1.82579
0.0211034 1.84147
0.0213005 1.85715
0.0214981 1.87283
0.0216962 1.88852
0.0218948 1.90421
0.0220937 1.9199
0.0222932 1.93559
0.0224931 1.95128
0.0226936 1.96697
0.0228944 1.98267
0.0230958 1.99837
0.0232976 2.01407
0.0235 2.02977
0.0237028 2.04548
0.0239061 2.06118
0.0241099 2.07689
0.0243142 2.0926
0.024519 2.10831
0.0247243 2.12402
0.0249302 2.13974
0.0251365 2.15546
0.0253433 2.17118
0.0255507 2.1869
0.0257586 2.20262
0.025967 2.21834
0.026176 2.23407
0.0263855 2.2498
0.0265955 2.26553
0.026806 2.28127
0.0270171 2.297
0.0272288 2.31274
0.0274409 2.32848
0.0276537 2.34422
0.027867 2.35997
0.0280808 2.37571
0.0282952 2.39146
0.0285102 2.40721
0.0287257 2.42297
0.0289418 2.43872
0.0291585 2.45448
0.0293757 2.47023
0.0295935 2.48599
0.0298119 2.50176
0.0300309 2.51752
0.0302505 2.53329
0.0304706 2.54906
0.0306914 2.56483
0.0309127 2.5806
0.0311346 2.59637
0.0313572 2.61215
0.0315803 2.62793
0.031804 2.64371
0.0320284 2.65949
0.0322534 2.67528
0.0324789 2.69107
0.0327051 2.70685
0.0329319 2.72265
0.0331594 2.73844
0.0333874 2.75423
0.0336161 2.77003
0.0338455 2.78583
0.0340754 2.80163
0.034306 2.81744
0.0345372 2.83324
0.0347691 2.84905
0.0350016 2.86486
0.0352348 2.88067
0.0354686 2.89648
0.035703 2.91229
0.0359381 2.92811
0.0361739 2.94393
0.0364103 2.95975
0.0366474 2.97557
0.0368851 2.99139
0.0371235 3.00722
0.0373626 3.02305
0.0376024 3.03888
0.0378428 3.05471
0.0380839 3.07054
0.0383257 3.08638
0.0385682 3.10222
0.0388114 3.11806
0.0390552 3.1339
0.0392998 3.14974
0.039545 3.16559
0.039791 3.18144
0.0400376 3.19729
0.0402849 3.21314
0.040533 3.22899
0.0407817 3.24485
0.0410312 3.2607
0.0412813 3.27656
0.0415322 3.29242
0.0417838 3.30829
0.0420361 3.32415
0.0422892 3.34002
0.0425429 3.35589
0.0427974 3.37176
0.0430526 3.38763
0.0433086 3.4035
0.0435653 3.41938
0.0438227 3.43525
0.0440808 3.45113
0.0443397 3.46701
0.0445994 3.4829
0.0448597 3.49878
0.0451209 3.51467
0.0453827 3.53056
0.0456454 3.54645
0.0459087 3.56234
0.0461729 3.57823
0.0464378 3.59413
0.0467034 3.61002
0.0469698 3.62592
0.047237 3.64182
0.047505 3.65772
0.0477737 3.67363
0.0480432 3.68953
0.0483134 3.70544
0.0485845 3.72135
0.0488563 3.73726
0.0491289 3.75317
0.0494023 3.76908
0.0496764 3.78499
0.0499514 3.80091
0.0502271 3.81683
0.0505037 3.83275
0.050781 3.84867
0.0510591 3.86459
0.051338 3.88051
0.0516177 3.89644
0.0518983 3.91236
0.0521796 3.92829
0.0524617 3.94422
0.0527447 3.96015
0.0530284 3.97608
0.053313 3.99201
0.0535983 4.00795
0.0538845 4.02388
0.0541716 4.03982
0.0544594 4.05576
0.054748 4.0717
0.0550375 4.08764
0.0553278 4.10358
0.055619 4.11953
0.0559109 4.13547
0.0562037 4.15142
0.0564974 4.16736
0.0567918 4.18331
0.0570871 4.19926
0.0573833 4.21521
0.0576803 4.23116
0.0579781 4.24712
0.0582768 4.26307
0.0585763 4.27903
0.0588767 4.29498
0.059178 4.31094
0.05948 4.3269
0.059783 4.34285
0.0600868 4.35881
0.0603915 4.37478
0.060697 4.39074
0.0610034 4.4067
0.0613106 4.42266
0.0616188 4.43863
0.0619278 4.45459
0.0622376 4.47056
0.0625484 4.48652
0.06286 4.50249
0.0631725 4.51846
0.0634859 4.53443
0.0638001 4.5504
0.0641153 4.56637
0.0644313 4.58234
0.0647482 4.59831
0.065066 4.61428
0.0653847 4.63026
0.0657043 4.64623
0.0660248 4.66221
0.0663461 4.67818
0.0666684 4.69416
0.0669916 4.71013
0.0673157 4.72611
0.0676407 4.74209
0.0679666 4.75807
0.0682934 4.77404
0.0686212 4.79002
0.0689498 4.806
0.0692793 4.82198
0.0696098 4.83796
0.0699412 4.85394
0.0702735 4.86992
0.0706067 4.8859
0.0709408 4.90188
0.0712759 4.91787
0.0716119 4.93385
0.0719488 4.94983
0.0722866 4.96581
0.0726254 4.98179
0.0729651 4.99777
0.0733057 5.01375
0.0736473 5.02973
0.0739898 5.04572
0.0743333 5.0617
0.0746776 5.07768
0.075023 5.09366
0.0753693 5.10964
0.0757165 5.12562
0.0760646 5.1416
0.0764138 5.15758
0.0767638 5.17356
0.0771148 5.18954
0.0774668 5.20552
0.0778198 5.2215
0.0781737 5.23748
0.0785285 5.25346
0.0788843 5.26944
0.0792411 5.28541
0.0795989 5.30139
0.0799576 5.31737
0.0803173 5.33334
0.0806779 5.34932
0.0810396 5.3653
0.0814022 5.38127
0.0817658 5.39725
0.0821303 5.41322
0.0824959 5.42919
0.0828624 5.44517
0.0832299 5.46114
0.0835984 5.47711
0.0839679 5.49308
0.0843384 5.50905
0.0847099 5.52502
0.0850824 5.54099
0.0854559 5.55696
0.0858303 5.57293
0.0862058 5.58889
0.0865823 5.60486
0.0869598 5.62083
0.0873384 5.63679
0.0877179 5.65275
0.0880984 5.66872
0.08848 5.68468
0.0888625 5.70064
0.0892461 5.7166
0.0896307 5.73256
0.0900164 5.74852
0.090403 5.76448
0.0907907 5.78044
0.0911794 5.79639
0.0915692 5.81235
0.0919599 5.8283
0.0923518 5.84426
0.0927446 5.86021
0.0931385 5.87616
0.0935334 5.89211
0.0939294 5.90806
0.0943265 5.92401
0.0947245 5.93995
0.0951237 5.9559
0.0955238 5.97184
0.0959251 5.98779
0.0963274 6.00373
0.0967307 6.01967
0.0971352 6.03561
0.0975407 6.05155
0.0979472 6.06749
0.0983548 6.08342
0.0987635 6.09936
0.0991733 6.11529
0.0995841 6.13122
0.0999961 6.14715
0.100409 6.16308
0.100823 6.17901
0.101238 6.19494
0.101655 6.21086
0.102072 6.22679
0.10249 6.24271
0.10291 6.25863
0.10333 6.27455
0.103752 6.29047
0.104175 6.30638
0.104599 6.3223
0.105024 6.33821
0.10545 6.35412
0.105877 6.37003
0.106306 6.38594
0.106735 6.40185
0.107166 6.41775
0.107597 6.43365
0.10803 6.44955
0.108464 6.46545
0.108899 6.48135
0.109335 6.49724
0.109773 6.51314
0.110211 6.52903
0.110651 6.54492
0.111091 6.56081
0.111533 6.57669
0.111976 6.59258
0.11242 6.60846
0.112866 6.62434
0.113312 6.64021
0.11376 6.65609
0.114208 6.67196
0.114658 6.68783
0.115109 6.7037
0.115562 6.71957
0.116015 6.73543
0.116469 6.75129
0.116925 6.76715
0.117382 6.78301
0.11784 6.79886
0.118299 6.81472
0.11876 6.83057
0.119221 6.84641
0.119684 6.86226
0.120148 6.8781
0.120613 6.89394
0.121079 6.90978
0.121547 6.92562
0.122015 6.94145
0.122485 6.95728
0.122956 6.97311
0.123428 6.98893
0.123902 7.00475
0.124376 7.02057
0.124852 7.03639
0.125329 7.0522
0.125808 7.06801
0.126287 7.08382
0.126768 7.09963
0.12725 7.11543
0.127733 7.13123
0.128217 7.14703
0.128703 7.16282
0.12919 7.17862
0.129678 7.1944
0.130167 7.21019
0.130658 7.22597
0.13115 7.24175
0.131643 7.25753
0.132137 7.2733
0.132633 7.28907
0.13313 7.30484
0.133628 7.3206
0.134127 7.33636
0.134628 7.35212
0.135129 7.36788
0.135632 7.38363
0.136137 7.39938
0.136643 7.41512
0.137149 7.43086
0.137658 7.4466
0.138167 7.46234
0.138678 7.47807
0.13919 7.4938
0.139703 7.50952
0.140218 7.52525
0.140734 7.54096
0.141251 7.55668
0.14177 7.57239
0.14229 7.5881
0.142811 7.6038
0.143333 7.6195
0.143857 7.6352
0.144382 7.65089
0.144909 7.66658
0.145436 7.68227
0.145965 7.69795
0.146496 7.71363
0.147028 7.72931
0.147561 7.74498
0.148095 7.76065
0.148631 7.77631
0.149168 7.79197
0.149706 7.80763
0.150246 7.82328
0.150787 7.83893
0.15133 7.85458
0.151874 7.87022
0.152419 7.88586
0.152966 7.90149
0.153514 7.91712
0.154063 7.93275
0.154614 7.94837
0.155166 7.96399
0.155719 7.9796
0.156274 7.99521
0.15683 8.01082
0.157388 8.02642
0.157947 8.04202
0.158508 8.05761
0.159069 8.0732
0.159633 8.08879
0.160197 8.10437
0.160763 8.11994
0.161331 8.13552
0.1619 8.15109
0.16247 8.16665
0.163042 8.18221
0.163615 8.19777
0.16419 8.21332
0.164766 8.22886
0.165343 8.24441
0.165922 8.25994
0.166503 8.27548
0.167085 8.29101
0.167668 8.30653
0.168253 8.32205
0.168839 8.33757
0.169427 8.35308
0.170016 8.36859
0.170606 8.38409
0.171198 8.39959
0.171792 8.41508
0.172387 8.43057
0.172984 8.44605
0.173582 8.46153
0.174181 8.47701
0.174782 8.49248
0.175385 8.50794
0.175989 8.52341
0.176594 8.53886
0.177201 8.55431
0.17781 8.56976
0.17842 8.5852
0.179031 8.60064
0.179644 8.61607
0.180259 8.6315
0.180875 8.64692
0.181493 8.66233
0.182112 8.67775
0.182733 8.69315
0.183355 8.70856
0.183979 8.72395
0.184604 8.73935
0.185231 8.75473
0.18586 8.77012
0.18649 8.78549
0.187122 8.80086
0.187755 8.81623
0.18839 8.83159
0.189026 8.84695
0.189664 8.8623
0.190304 8.87765
0.190945 8.89299
0.191587 8.90832
0.192232 8.92365
0.192878 8.93898
0.193525 8.9543
0.194174 8.96961
0.194825 8.98492
0.195477 9.00023
0.196131 9.01553
0.196787 9.03082
0.197444 9.04611
0.198103 9.06139
0.198764 9.07666
0.199426 9.09194
0.200089 9.1072
0.200755 9.12246
0.201422 9.13772
0.20209 9.15296
0.202761 9.16821
0.203433 9.18345
0.204106 9.19868
0.204782 9.2139
0.205459 9.22912
0.206137 9.24434
0.206818 9.25955
0.2075 9.27475
0.208183 9.28995
0.208869 9.30514
0.209556 9.32033
0.210245 9.33551
0.210935 9.35068
0.211627 9.36585
0.212321 9.38101
0.213017 9.39617
0.213714 9.41132
0.214413 9.42646
0.215114 9.4416
0.215816 9.45673
0.21652 9.47186
0.217226 9.48698
0.217934 9.5021
0.218643 9.5172
0.219354 9.53231
0.220067 9.5474
0.220781 9.56249
0.221498 9.57757
0.222216 9.59265
0.222936 9.60772
0.223657 9.62279
0.224381 9.63785
0.225106 9.6529
0.225833 9.66794
0.226561 9.68298
0.227292 9.69802
0.228024 9.71304
0.228758 9.72806
0.229494 9.74308
0.230231 9.75808
0.230971 9.77309
0.231712 9.78809
0.232455 9.80308
0.2332 9.81806
0.233947 9.83304
0.234696 9.84801
0.235446 9.86297
0.236198 9.87793
0.236952 9.89288
0.237708 9.90783
0.238465 9.92276
0.239225 9.93769
0.239986 9.95262
0.240749 9.96753
0.241514 9.98244
0.242281 9.99735
0.24305 10.0122
0.24382 10.0271
0.244592 10.042
0.245367 10.0569
0.246143 10.0718
0.24692 10.0866
0.2477 10.1015
0.248482 10.1163
0.249265 10.1312
0.250051 10.146
0.250838 10.1608
0.251627 10.1756
0.252418 10.1904
0.253211 10.2053
0.254006 10.22
0.254802 10.2348
0.255601 10.2496
0.256401 10.2644
0.257203 10.2792
0.258007 10.2939
0.258814 10.3087
0.259622 10.3234
0.260431 10.3382
0.261243 10.3529
0.262057 10.3676
0.262872 10.3823
0.26369 10.397
0.264509 10.4117
0.265331 10.4264
0.266154 10.4411
0.266979 10.4558
0.267806 10.4705
0.268635 10.4851
0.269466 10.4998
0.270299 10.5144
0.271134 10.5291
0.271971 10.5437
0.272809 10.5583
0.27365 10.5729
0.274493 10.5875
0.275337 10.6021
0.276183 10.6167
0.277031 10.6313
0.277881 10.6459
0.278734 10.6604
0.279588 10.675
0.280444 10.6895
0.281302 10.7041
0.282161 10.7186
0.283023 10.7331
0.283887 10.7476
0.284753 10.7621
0.285621 10.7766
0.28649 10.7911
0.287362 10.8056
0.288235 10.8201
0.289111 10.8345
0.289988 10.849
0.290868 10.8634
0.291749 10.8779
0.292633 10.8923
0.293518 10.9067
0.294405 10.9211
0.295295 10.9355
0.296186 10.9499
0.297079 10.9643
0.297974 10.9787
0.298871 10.9931
0.29977 11.0074
0.300672 11.0218
0.301575 11.0361
0.30248 11.0505
0.303387 11.0648
0.304296 11.0791
0.305206 11.0934
0.306119 11.1077
0.307034 11.122
0.307951 11.1363
0.30887 11.1505
0.30979 11.1648
0.310713 11.179
0.311638 11.1933
0.312565 11.2075
0.313493 11.2217
0.314424 11.2359
0.315356 11.2501
0.316291 11.2643
0.317227 11.2785
0.318166 11.2927
0.319106 11.3069
0.320048 11.321
0.320993 11.3352
0.321939 11.3493
0.322887 11.3634
0.323837 11.3775
0.324789 11.3917
0.325744 11.4057
0.3267 11.4198
0.327658 11.4339
0.328617 11.448
0.329579 11.462
0.330543 11.4761
0.331509 11.4901
0.332477 11.5041
0.333446 11.5182
0.334418 11.5322
0.335391 11.5462
0.336367 11.5602
0.337344 11.5741
0.338324 11.5881
0.339305 11.6021
0.340288 11.616
0.341273 11.6299
0.34226 11.6439
0.343249 11.6578
0.34424 11.6717
0.345233 11.6856
0.346227 11.6995
0.347224 11.7133
0.348223 11.7272
0.349223 11.741
0.350225 11.7549
0.35123 11.7687
0.352236 11.7825
0.353244 11.7963
0.354254 11.8101
0.355266 11.8239
0.356279 11.8377
0.357295 11.8515
0.358312 11.8652
0.359332 11.879
0.360353 11.8927
0.361376 11.9064
0.362401 11.9201
0.363428 11.9338
0.364456 11.9475
0.365487 11.9612
0.366519 11.9749
0.367554 11.9885
0.36859 12.0022
0.369628 12.0158
0.370668 12.0294
0.371709 12.043
0.372753 12.0566
0.373798 12.0702
0.374845 12.0838
0.375894 12.0973
0.376945 12.1109
0.377998 12.1244
0.379052 12.138
0.380108 12.1515
0.381166 12.165
0.382226 12.1785
0.383288 12.192
0.384351 12.2054
0.385417 12.2189
0.386484 12.2324
0.387553 12.2458
0.388623 12.2592
0.389696 12.2726
0.39077 12.286
0.391846 12.2994
0.392924 12.3128
0.394003 12.3262
0.395085 12.3395
0.396168 12.3529
0.397253 12.3662
0.398339 12.3795
0.399428 12.3928
0.400518 12.4061
0.40161 12.4194
0.402703 12.4327
0.403799 12.446
0.404896 12.4592
0.405994 12.4724
0.407095 12.4857
0.408197 12.4989
0.409301 12.5121
0.410407 12.5253
0.411514 12.5384
0.412623 12.5516
0.413734 12.5648
0.414847 12.5779
0.415961 12.591
0.417077 12.6042
0.418195 12.6173
0.419314 12.6304
0.420435 12.6434
0.421558 12.6565
0.422682 12.6696
0.423809 12.6826
0.424936 12.6956
0.426066 12.7087
0.427197 12.7217
0.42833 12.7347
0.429464 12.7477
0.430601 12.7606
0.431738 12.7736
0.432878 12.7865
0.434019 12.7995
0.435162 12.8124
0.436306 12.8253
0.437452 12.8382
0.4386 12.8511
0.43975 12.864
0.440901 12.8769
0.442054 12.8897
0.443208 12.9025
0.444364 12.9154
0.445522 12.9282
0.446681 12.941
0.447842 12.9538
0.449004 12.9666
0.450169 12.9793
0.451334 12.9921
0.452502 13.0048
0.453671 13.0176
0.454842 13.0303
0.456014 13.043
0.457188 13.0557
0.458364 13.0684
0.459541 13.0811
0.46072 13.0937
0.4619 13.1064
0.463082 13.119
0.464266 13.1316
0.465451 13.1443
0.466638 13.1569
0.467826 13.1695
0.469017 13.182
0.470208 13.1946
0.471402 13.2072
0.472597 13.2197
0.473793 13.2322
0.474991 13.2448
0.476191 13.2573
0.477392 13.2698
0.478595 13.2822
0.4798 13.2947
0.481006 13.3072
0.482214 13.3196
0.483423 13.3321
0.484634 13.3445
0.485847 13.3569
0.487061 13.3693
0.488277 13.3817
0.489494 13.3941
0.490713 13.4065
0.491934 13.4188
0.493156 13.4312
0.49438 13.4435
0.495606 13.4558
0.496833 13.4681
0.498061 13.4804
0.499292 13.4927
0.500523 13.505
0.501757 13.5173
0.502992 13.5295
0.504229 13.5418
0.505467 13.554
0.506707 13.5662
0.507948 13.5785
0.509191 13.5907
0.510436 13.6028
0.511682 13.615
0.51293 13.6272
0.51418 13.6393
0.515431 13.6515
0.516684 13.6636
0.517938 13.6758
0.519194 13.6879
0.520452 13.7
0.521711 13.7121
0.522972 13.7241
0.524235 13.7362
0.525499 13.7483
0.526765 13.7603
0.528032 13.7724
0.529301 13.7844
0.530572 13.7964
0.531844 13.8084
0.533118 13.8204
0.534394 13.8324
0.535671 13.8444
0.53695 13.8563
0.53823 13.8683
0.539513 13.8802
0.540796 13.8921
0.542082 13.9041
0.543369 13.916
0.544658 13.9279
0.545948 13.9398
0.54724 13.9517
0.548534 13.9635
0.549829 13.9754
0.551126 13.9872
0.552425 13.9991
0.553726 14.0109
0.555028 14.0227
0.556331 14.0345
0.557637 14.0463
0.558944 14.0581
0.560253 14.0699
0.561563 14.0817
0.562875 14.0934
0.564189 14.1052
0.565505 14.1169
0.566822 14.1287
0.568141 14.1404
0.569462 14.1521
0.570784 14.1638
0.572108 14.1755
0.573434 14.1872
0.574761 14.1988
0.576091 14.2105
0.577422 14.2221
0.578754 14.2338
0.580089 14.2454
0.581425 14.257
0.582763 14.2687
0.584102 14.2803
0.585443 14.2919
0.586787 14.3035
0.588131 14.315
0.589478 14.3266
0.590826 14.3382
0.592176 14.3497
0.593528 14.3612
0.594882 14.3728
0.596237 14.3843
0.597594 14.3958
0.598953 14.4073
0.600314 14.4188
0.601676 14.4303
0.603041 14.4418
0.604407 14.4532
0.605774 14.4647
0.607144 14.4762
0.608516 14.4876
0.609889 14.499
0.611264 14.5105
0.612641 14.5219
0.614019 14.5333
0.6154 14.5447
0.616782 14.5561
0.618166 14.5674
0.619552 14.5788
0.62094 14.5902
0.62233 14.6015
0.623721 14.6129
0.625115 14.6242
0.62651 14.6355
0.627907 14.6469
0.629306 14.6582
0.630707 14.6695
0.63211 14.6808
0.633514 14.6921
0.634921 14.7033
0.636329 14.7146
0.637739 14.7259
0.639151 14.7371
0.640565 14.7484
0.641981 14.7596
0.643399 14.7708
0.644819 14.7821
0.64624 14.7933
0.647664 14.8045
0.649089 14.8157
0.650517 14.8269
0.651946 14.8381
0.653377 14.8492
0.65481 14.8604
0.656246 14.8716
0.657683 14.8827
0.659122 14.8938
0.660563 14.905
0.662006 14.9161
0.663451 14.9272
0.664898 14.9383
0.666347 14.9494
0.667797 14.9605
0.66925 14.9716
0.670705 14.9827
0.672162 14.9938
0.673621 15.0049
0.675082 15.0159
0.676545 15.027
0.67801 15.038
0.679477 15.049
0.680946 15.0601
0.682417 15.0711
0.68389 15.0821
0.685365 15.0931
0.686842 15.1041
0.688321 15.1151
0.689802 15.1261
0.691286 15.1371
0.692771 15.148
0.694259 15.159
0.695748 15.17
0.69724 15.1809
0.698733 15.1919
0.700229 15.2028
0.701727 15.2137
0.703227 15.2246
0.704729 15.2356
0.706233 15.2465
0.70774 15.2574
0.709248 15.2683
0.710759 15.2792
0.712272 15.29
0.713786 15.3009
0.715303 15.3118
0.716823 15.3226
0.718344 15.3335
0.719867 15.3443
0.721393 15.3552
0.722921 15.366
0.724451 15.3768
0.725983 15.3877
0.727518 15.3985
0.729054 15.4093
0.730593 15.4201
0.732134 15.4309
0.733677 15.4417
0.735222 15.4524
0.73677 15.4632
0.73832 15.474
0.739872 15.4847
0.741426 15.4955
0.742983 15.5062
0.744542 15.517
0.746103 15.5277
0.747666 15.5385
0.749232 15.5492
0.750799 15.5599
0.75237 15.5706
0.753942 15.5813
0.755517 15.592
0.757094 15.6027
0.758673 15.6134
0.760255 15.6241
0.761839 15.6347
0.763425 15.6454
0.765013 15.6561
0.766604 15.6667
0.768197 15.6774
0.769793 15.688
0.771391 15.6987
0.772991 15.7093
0.774594 15.7199
0.776198 15.7305
0.777806 15.7412
0.779415 15.7518
0.781027 15.7624
0.782642 15.773
0.784259 15.7836
0.785878 15.7941
0.7875 15.8047
0.789124 15.8153
0.79075 15.8259
0.792379 15.8364
0.79401 15.847
0.795644 15.8575
0.79728 15.8681
0.798919 15.8786
0.80056 15.8892
0.802203 15.8997
0.803849 15.9102
0.805497 15.9207
0.807148 15.9312
0.808802 15.9418
0.810457 15.9523
0.812116 15.9627
0.813777 15.9732
0.81544 15.9837
0.817106 15.9942
0.818774 16.0047
0.820445 16.0151
0.822118 16.0256
0.823794 16.0361
0.825473 16.0465
0.827154 16.057
0.828837 16.0674
0.830523 16.0778
0.832212 16.0883
0.833903 16.0987
0.835597 16.1091
0.837293 16.1195
0.838992 16.13
0.840694 16.1404
0.842398 16.1508
0.844104 16.1612
0.845814 16.1716
0.847526 16.1819
0.84924 16.1923
0.850957 16.2027
0.852677 16.2131
0.8544 16.2234
0.856125 16.2338
0.857852 16.2441
0.859583 16.2545
0.861316 16.2648
0.863052 16.2752
0.86479 16.2855
0.866531 16.2958
0.868275 16.3062
0.870021 16.3165
0.871771 16.3268
0.873522 16.3371
0.875277 16.3474
0.877034 16.3577
0.878794 16.368
0.880557 16.3783
0.882323 16.3886
0.884091 16.3989
0.885862 16.4092
0.887636 16.4194
0.889412 16.4297
0.891191 16.44
0.892973 16.4502
0.894758 16.4605
0.896546 16.4707
0.898336 16.481
0.900129 16.4912
0.901925 16.5015
0.903724 16.5117
0.905526 16.5219
0.90733 16.5321
0.909138 16.5424
0.910948 16.5526
0.912761 16.5628
0.914577 16.573
0.916395 16.5832
0.918217 16.5934
0.920041 16.6036
0.921869 16.6137
0.923699 16.6239
0.925532 16.6341
0.927368 16.6443
0.929207 16.6544
0.931049 16.6646
0.932893 16.6748
0.934741 16.6849
0.936592 16.6951
0.938445 16.7052
0.940301 16.7154
0.942161 16.7255
0.944023 16.7356
0.945889 16.7458
0.947757 16.7559
0.949628 16.766
0.951502 16.7761
0.95338 16.7862
0.95526 16.7964
0.957143 16.8065
0.959029 16.8166
0.960918 16.8267
0.962811 16.8367
0.964706 16.8468
0.966604 16.8569
0.968506 16.867
0.97041 16.8771
0.972318 16.8871
0.974228 16.8972
0.976142 16.9073
0.978058 16.9173
0.979978 16.9274
0.981901 16.9374
0.983827 16.9475
0.985756 16.9575
0.987688 16.9676
0.989623 16.9776
0.991562 16.9876
0.993503 16.9977
0.995448 17.0077
0.997396 17.0177
0.999347 17.0277
1.0013 17.0377
1.00326 17.0477
1.00522 17.0577
1.00718 17.0677
1.00915 17.0777
1.01112 17.0877
1.01309 17.0977
1.01507 17.1077
1.01705 17.1177
1.01903 17.1276
1.02102 17.1376
1.02301 17.1476
1.025 17.1576
1.027 17.1675
1.02899 17.1775
1.031 17.1874
1.033 17.1974
1.03501 17.2073
1.03702 17.2173
1.03904 17.2272
1.04106 17.2371
1.04308 17.2471
1.04511 17.257
1.04713 17.2669
1.04917 17.2768
1.0512 17.2868
1.05324 17.2967
1.05528 17.3066
1.05733 17.3165
1.05938 17.3264
1.06143 17.3363
1.06348 17.3462
1.06554 17.3561
1.0676 17.366
1.06967 17.3758
1.07174 17.3857
1.07381 17.3956
1.07589 17.4055
1.07797 17.4153
1.08005 17.4252
1.08214 17.4351
1.08423 17.4449
1.08632 17.4548
1.08842 17.4646
1.09052 17.4745
1.09262 17.4843
1.09473 17.4942
1.09684 17.504
1.09895 17.5138
1.10107 17.5237
1.10319 17.5335
1.10531 17.5433
1.10744 17.5532
1.10957 17.563
1.11171 17.5728
1.11385 17.5826
1.11599 17.5924
1.11814 17.6022
1.12029 17.612
1.12244 17.6218
1.1246 17.6316
1.12676 17.6414
1.12892 17.6512
1.13109 17.661
1.13326 17.6708
1.13543 17.6805
1.13761 17.6903
1.13979 17.7001
1.14198 17.7098
1.14417 17.7196
1.14636 17.7294
1.14856 17.7391
1.15076 17.7489
1.15296 17.7586
1.15517 17.7684
1.15738 17.7781
1.1596 17.7879
1.16182 17.7976
1.16404 17.8073
1.16627 17.8171
1.1685 17.8268
1.17073 17.8365
1.17297 17.8463
1.17521 17.856
1.17746 17.8657
1.17971 17.8754
1.18196 17.8851
1.18422 17.8948
1.18648 17.9045
1.18874 17.9142
1.19101 17.9239
1.19328 17.9336
1.19556 17.9433
1.19784 17.953
1.20012 17.9627
1.20241 17.9724
1.2047 17.9821
1.20699 17.9917
1.20929 18.0014
1.2116 18.0111
1.2139 18.0208
1.21621 18.0304
1.21853 18.0401
1.22085 18.0497
1.22317 18.0594
1.2255 18.0691
1.22783 18.0787
1.23016 18.0883
1.2325 18.098
1.23484 18.1076
1.23719 18.1173
1.23954 18.1269
1.2419 18.1365
1.24425 18.1462
1.24662 18.1558
1.24898 18.1654
1.25135 18.175
1.25373 18.1847
1.25611 18.1943
1.25849 18.2039
1.26088 18.2135
1.26327 18.2231
1.26566 18.2327
1.26806 18.2423
1.27047 18.2519
1.27288 18.2615
1.27529 18.2711
1.2777 18.2807
1.28012 18.2903
1.28255 18.2999
1.28498 18.3094
1.28741 18.319
1.28984 18.3286
1.29229 18.3382
1.29473 18.3477
1.29718 18.3573
1.29963 18.3669
1.30209 18.3764
1.30455 18.386
1.30702 18.3955
1.30949 18.4051
1.31197 18.4147
1.31444 18.4242
1.31693 18.4337
1.31942 18.4433
1.32191 18.4528
1.3244 18.4624
1.3269 18.4719
1.32941 18.4814
1.33192 18.491
1.33443 18.5005
1.33695 18.51
1.33947 18.5195
1.342 18.5291
1.34453 18.5386
1.34707 18.5481
1.34961 18.5576
1.35215 18.5671
1.3547 18.5766
1.35725 18.5861
1.35981 18.5956
1.36237 18.6051
1.36494 18.6146
1.36751 18.6241
1.37009 18.6336
1.37267 18.6431
1.37525 18.6526
1.37784 18.6621
1.38043 18.6715
1.38303 18.681
1.38564 18.6905
1.38824 18.7
1.39085 18.7094
1.39347 18.7189
1.39609 18.7284
1.39872 18.7378
1.40135 18.7473
1.40398 18.7567
1.40662 18.7662
1.40927 18.7756
1.41191 18.7851
1.41457 18.7945
1.41723 18.804
1.41989 18.8134
1.42256 18.8229
1.42523 18.8323
1.4279 18.8417
1.43059 18.8512
1.43327 18.8606
1.43596 18.87
1.43866 18.8795
1.44136 18.8889
1.44406 18.8983
1.44677 18.9077
1.44949 18.9171
1.45221 18.9265
1.45493 18.936
1.45766 18.9454
1.4604 18.9548
1.46313 18.9642
1.46588 18.9736
1.46863 18.983
1.47138 18.9924
1.47414 19.0018
1.4769 19.0112
1.47967 19.0206
1.48244 19.0299
1.48522 19.0393
1.488 19.0487
1.49079 19.0581
1.49358 19.0675
1.49638 19.0768
1.49918 19.0862
1.50199 19.0956
1.5048 19.105
1.50762 19.1143
1.51044 19.1237
1.51327 19.133
1.5161 19.1424
1.51894 19.1518
1.52178 19.1611
1.52463 19.1705
1.52748 19.1798
1.53034 19.1892
1.5332 19.1985
1.53607 19.2079
1.53894 19.2172
1.54182 19.2265
1.5447 19.2359
1.54759 19.2452
1.55049 19.2545
1.55339 19.2639
1.55629 19.2732
1.5592 19.2825
1.56211 19.2919
1.56503 19.3012
1.56796 19.3105
1.57089 19.3198
1.57382 19.3291
1.57676 19.3384
1.57971 19.3478
1.58266 19.3571
1.58562 19.3664
1.58858 19.3757
1.59155 19.385
1.59452 19.3943
1.5975 19.4036
1.60048 19.4129
1.60347 19.4222
1.60646 19.4315
1.60946 19.4407
1.61247 19.45
1.61548 19.4593
1.61849 19.4686
1.62151 19.4779
1.62454 19.4872
1.62757 19.4964
1.63061 19.5057
1.63365 19.515
1.6367 19.5243
1.63975 19.5335
1.64281 19.5428
1.64588 19.5521
1.64895 19.5613
1.65202 19.5706
1.6551 19.5798
1.65819 19.5891
1.66128 19.5984
1.66438 19.6076
1.66749 19.6169
1.6706 19.6261
1.67371 19.6353
1.67683 19.6446
1.67996 19.6538
1.68309 19.6631
1.68623 19.6723
1.68937 19.6815
1.69252 19.6908
1.69568 19.7
1.69884 19.7092
1.702 19.7185
1.70517 19.7277
1.70835 19.7369
1.71154 19.7461
1.71473 19.7554
