0.00098513 -0.000393598 0.000133277 0.0655271 3.8928e-08 -0.00605036 1.77315e-05
0.00200401 -0.00118457 0.000404157 0.132022 2.57583e-05 -0.0121195 5.4082e-05
0.0030756 -0.00236886 0.000817665 0.199742 9.68355e-05 -0.018177 0.000110361
0.00439945 -0.00424101 0.00148932 0.279633 0.000268433 -0.0251121 0.00020399
0.00566306 -0.00627694 0.00223962 0.352128 0.000527203 -0.0311931 0.000311874
0.00693513 -0.00850037 0.00307783 0.421669 0.00088641 -0.0368326 0.000436812
0.00829865 -0.0110239 0.00404648 0.492816 0.00138068 -0.042414 0.000587344
0.0097456 -0.0138098 0.00512883 0.565012 0.00202215 -0.0478993 0.000763675
0.0112652 -0.0168187 0.00630451 0.637713 0.00281376 -0.053262 0.000965231
0.0128473 -0.020017 0.0075537 0.71051 0.00375133 -0.0584903 0.00119109
0.0144778 -0.023365 0.00885415 0.782861 0.00482195 -0.0635653 0.00143923
0.0161568 -0.0268576 0.0101971 0.854904 0.00601929 -0.0685163 0.00170968
0.0178855 -0.0304858 0.0115752 0.926697 0.00733426 -0.0733582 0.00200226
0.0196555 -0.0342327 0.0129757 0.998015 0.00875461 -0.0780929 0.0023156
0.021465 -0.0380877 0.0143915 1.06881 0.0102698 -0.082727 0.00264895
0.0233143 -0.0420472 0.0158179 1.13914 0.0118723 -0.0872727 0.00300202
0.0252025 -0.0461049 0.0172502 1.20898 0.0135546 -0.0917365 0.00337429
0.027125 -0.0502463 0.0186808 1.27817 0.0153059 -0.0961148 0.00376441
0.0290877 -0.0544801 0.0201111 1.34694 0.0171259 -0.100427 0.00417321
0.0310931 -0.0588077 0.0215396 1.41537 0.019012 -0.104682 0.0046009
0.0331397 -0.0632214 0.0229621 1.4834 0.0209583 -0.10888 0.00504682
0.0352136 -0.067687 0.0243666 1.55056 0.0229473 -0.112995 0.00550747
0.0373274 -0.0722275 0.0257594 1.61728 0.0249872 -0.117056 0.00598521
0.0394999 -0.0768798 0.0271501 1.68411 0.0270928 -0.1211 0.00648414
0.0417336 -0.0816446 0.0285372 1.75108 0.0292635 -0.125127 0.00700463
0.0440278 -0.0865162 0.029917 1.81811 0.0314959 -0.129136 0.00754638
0.0463829 -0.0914904 0.0312865 1.88516 0.0337873 -0.133125 0.0081092
0.0487996 -0.0965643 0.0326436 1.95221 0.0361357 -0.137094 0.00869306
0.0512796 -0.101737 0.0339862 2.01925 0.03854 -0.141043 0.00929812
0.0538251 -0.107009 0.0353128 2.0863 0.0409997 -0.144975 0.00992465
0.0564383 -0.112379 0.036622 2.15338 0.0435144 -0.14889 0.010573
0.0591217 -0.117849 0.0379123 2.22049 0.0460837 -0.15279 0.0112433
0.0618774 -0.123418 0.0391821 2.28765 0.0487073 -0.156676 0.0119361
0.0647077 -0.129085 0.0404299 2.35485 0.0513846 -0.160549 0.0126514
0.0676148 -0.13485 0.0416541 2.4221 0.0541152 -0.164409 0.0133896
0.0706009 -0.140714 0.0428533 2.48941 0.0568986 -0.168258 0.014151
0.0736682 -0.146675 0.0440258 2.55678 0.0597342 -0.172095 0.0149357
0.0768189 -0.152733 0.0451703 2.6242 0.0626216 -0.17592 0.0157439
0.0800553 -0.158887 0.0462853 2.69168 0.0655602 -0.179736 0.0165759
0.0833797 -0.165136 0.0473694 2.75922 0.0685496 -0.18354 0.017432
0.0867942 -0.171481 0.0484212 2.82681 0.0715888 -0.187335 0.0183122
0.0903011 -0.177919 0.0494392 2.89445 0.0746776 -0.19112 0.0192168
0.0939029 -0.184451 0.0504224 2.96215 0.0778152 -0.194894 0.0201459
0.097602 -0.191076 0.0513693 3.02989 0.0810012 -0.198659 0.0210998
0.101401 -0.197792 0.0522788 3.09769 0.084235 -0.202415 0.0220786
0.105301 -0.2046 0.0531498 3.16553 0.0875158 -0.206161 0.0230826
0.109306 -0.211497 0.053981 3.23342 0.090843 -0.209897 0.0241117
0.113418 -0.218484 0.0547715 3.30135 0.0942161 -0.213624 0.0251663
0.117639 -0.225559 0.0555201 3.36933 0.0976343 -0.217342 0.0262464
0.121972 -0.232721 0.0562261 3.43733 0.101097 -0.221051 0.0273522
0.12642 -0.239969 0.0568883 3.50538 0.104603 -0.22475 0.0284837
0.130984 -0.247302 0.057506 3.57345 0.108153 -0.228441 0.0296412
0.135668 -0.254719 0.0580783 3.64155 0.111744 -0.232121 0.0308247
0.140474 -0.262219 0.0586044 3.70968 0.115378 -0.235793 0.0320343
0.145404 -0.269801 0.0590838 3.77784 0.119052 -0.239455 0.0332701
0.150462 -0.277463 0.0595156 3.84601 0.122766 -0.243109 0.0345322
0.15565 -0.285205 0.0598994 3.91419 0.12652 -0.246752 0.0358206
0.16097 -0.293024 0.0602345 3.98239 0.130312 -0.250387 0.0371355
0.166426 -0.30092 0.0605205 4.0506 0.134142 -0.254012 0.0384768
0.172019 -0.308891 0.0607569 4.11882 0.138008 -0.257627 0.0398447
0.177753 -0.316937 0.0609434 4.18704 0.141911 -0.261234 0.0412392
0.183631 -0.325055 0.0610795 4.25526 0.14585 -0.26483 0.0426603
0.189655 -0.333245 0.0611651 4.32348 0.149822 -0.268418 0.044108
0.195829 -0.341504 0.0611998 4.3917 0.153829 -0.271996 0.0455825
0.202154 -0.349833 0.0611836 4.45991 0.157869 -0.275564 0.0470836
0.208634 -0.358228 0.0611162 4.5281 0.16194 -0.279123 0.0486114
0.215272 -0.36669 0.0609977 4.59629 0.166043 -0.282673 0.0501659
0.22207 -0.375216 0.0608278 4.66445 0.170177 -0.286213 0.0517471
0.229032 -0.383805 0.0606068 4.7326 0.17434 -0.289743 0.0533549
0.23616 -0.392455 0.0603346 4.80072 0.178532 -0.293264 0.0549894
0.243457 -0.401165 0.0600113 4.86882 0.182752 -0.296776 0.0566506
0.250927 -0.409934 0.0596372 4.93689 0.186999 -0.300278 0.0583382
0.258571 -0.41876 0.0592124 5.00492 0.191273 -0.30377 0.0600525
0.266394 -0.427642 0.0587372 5.07293 0.195571 -0.307253 0.0617931
0.274399 -0.436577 0.0582118 5.14089 0.199895 -0.310726 0.0635602
0.282587 -0.445565 0.0576366 5.20882 0.204242 -0.31419 0.0653537
0.290963 -0.454604 0.057012 5.2767 0.208612 -0.317644 0.0671734
0.299529 -0.463693 0.0563384 5.34454 0.213005 -0.321089 0.0690192
0.308288 -0.472829 0.0556162 5.41233 0.217418 -0.324524 0.0708912
0.317244 -0.482011 0.054846 5.48006 0.221852 -0.32795 0.0727891
0.326399 -0.491239 0.0540283 5.54774 0.226305 -0.331366 0.0747128
0.335756 -0.500509 0.0531637 5.61537 0.230777 -0.334772 0.0766624
0.345319 -0.509821 0.0522527 5.68293 0.235267 -0.338169 0.0786375
0.355091 -0.519174 0.0512961 5.75043 0.239774 -0.341557 0.0806382
0.365074 -0.528565 0.0502945 5.81787 0.244297 -0.344935 0.0826642
0.375272 -0.537993 0.0492486 5.88524 0.248836 -0.348304 0.0847155
0.385688 -0.547457 0.0481593 5.95254 0.253388 -0.351663 0.0867918
0.396326 -0.556955 0.0470271 6.01977 0.257955 -0.355013 0.0888931
0.407188 -0.566486 0.045853 6.08692 0.262534 -0.358354 0.0910192
0.418277 -0.576048 0.0446378 6.154 0.267126 -0.361685 0.0931698
0.429596 -0.58564 0.0433822 6.22099 0.271729 -0.365008 0.0953449
0.44115 -0.59526 0.0420874 6.2879 0.276342 -0.368321 0.0975442
0.45294 -0.604906 0.0407541 6.35473 0.280965 -0.371625 0.0997676
0.46497 -0.614578 0.0393833 6.42148 0.285596 -0.37492 0.102015
0.477244 -0.624274 0.0379759 6.48813 0.290236 -0.378206 0.104286
0.489764 -0.633993 0.0365329 6.55469 0.294883 -0.381483 0.106581
0.502535 -0.643733 0.0350553 6.62117 0.299537 -0.384751 0.108898
0.515558 -0.653493 0.0335441 6.68755 0.304196 -0.388011 0.111239
0.528838 -0.663272 0.0320002 6.75383 0.308861 -0.391262 0.113603
0.542378 -0.673068 0.0304248 6.82002 0.31353 -0.394505 0.11599
0.556181 -0.68288 0.0288189 6.88611 0.318202 -0.397739 0.118399
0.570251 -0.692708 0.0271835 6.9521 0.322878 -0.400965 0.120831
0.584591 -0.702549 0.0255197 7.018 0.327556 -0.404182 0.123285
0.599205 -0.712404 0.0238285 7.08379 0.332236 -0.407392 0.125761
0.614096 -0.722271 0.022111 7.14949 0.336918 -0.410594 0.128259
0.629269 -0.732148 0.0203683 7.21509 0.3416 -0.413788 0.130778
0.644728 -0.742037 0.0186013 7.28058 0.346282 -0.416975 0.133319
0.660476 -0.751934 0.0168111 7.34599 0.350964 -0.420155 0.135882
0.676518 -0.761842 0.0149988 7.4113 0.355645 -0.423329 0.138466
0.69286 -0.771758 0.0131652 7.47652 0.360326 -0.426495 0.141071
0.709506 -0.781683 0.0113114 7.54166 0.365005 -0.429656 0.143698
0.726461 -0.791616 0.00943829 7.60672 0.369683 -0.432811 0.146347
0.743733 -0.801559 0.00754674 7.6717 0.37436 -0.435962 0.149017
0.761326 -0.81151 0.00563769 7.73662 0.379036 -0.439107 0.151708
0.779247 -0.821471 0.00371204 7.80147 0.38371 -0.442248 0.154421
0.797501 -0.83144 0.00177074 7.86627 0.388382 -0.445386 0.157157
0.816095 -0.841418 -0.000185212 7.93101 0.393053 -0.44852 0.159914
0.835032 -0.851404 -0.00215474 7.9957 0.397721 -0.451651 0.162692
0.854318 -0.861396 -0.00413669 8.06033 0.402385 -0.454778 0.165492
0.873955 -0.871394 -0.00612982 8.1249 0.407046 -0.457902 0.168313
0.893946 -0.881396 -0.00813283 8.1894 0.411702 -0.461023 0.171154
0.914294 -0.8914 -0.0101444 8.25383 0.416352 -0.46414 0.174016
0.935001 -0.901403 -0.0121631 8.31817 0.420996 -0.467253 0.176897
0.956068 -0.911404 -0.0141877 8.38242 0.425631 -0.470362 0.179797
0.977497 -0.921402 -0.0162167 8.44656 0.430257 -0.473467 0.182715
0.999291 -0.931393 -0.018249 8.51061 0.434874 -0.476567 0.185652
1.02145 -0.941378 -0.0202831 8.57454 0.43948 -0.479663 0.188606
1.04398 -0.951355 -0.022318 8.63835 0.444074 -0.482755 0.191577
1.06688 -0.961322 -0.0243524 8.70204 0.448657 -0.485841 0.194564
1.09016 -0.971278 -0.0263852 8.76562 0.453227 -0.488924 0.197568
1.11382 -0.981224 -0.0284152 8.82906 0.457784 -0.492001 0.200588
1.13786 -0.991157 -0.0304414 8.89239 0.462328 -0.495075 0.203624
1.16228 -1.00108 -0.0324627 8.95558 0.466857 -0.498144 0.206675
1.18709 -1.01098 -0.034478 9.01865 0.471372 -0.501209 0.209741
1.21229 -1.02088 -0.0364864 9.08159 0.475872 -0.50427 0.212822
1.2379 -1.03076 -0.0384867 9.1444 0.480357 -0.507327 0.215918
1.2639 -1.04062 -0.0404781 9.20708 0.484827 -0.51038 0.219028
1.2903 -1.05047 -0.0424596 9.26964 0.489281 -0.51343 0.222153
1.31712 -1.0603 -0.0444302 9.33207 0.493719 -0.516476 0.225291
1.34434 -1.07012 -0.0463889 9.39437 0.49814 -0.519518 0.228443
1.37199 -1.07992 -0.0483348 9.45654 0.502545 -0.522558 0.231609
1.40005 -1.0897 -0.0502671 9.51859 0.506933 -0.525594 0.234789
1.42854 -1.09947 -0.0521848 9.5805 0.511304 -0.528628 0.237981
1.45745 -1.10922 -0.054087 9.6423 0.515658 -0.531659 0.241187
1.4868 -1.11895 -0.0559729 9.70396 0.519994 -0.534687 0.244405
1.51659 -1.12866 -0.0578416 9.7655 0.524312 -0.537712 0.247636
1.54682 -1.13835 -0.0596922 9.82692 0.528612 -0.540735 0.250879
1.57749 -1.14803 -0.0615239 9.88821 0.532893 -0.543755 0.254135
1.60862 -1.15769 -0.0633358 9.94938 0.537156 -0.546774 0.257402
1.64019 -1.16732 -0.0651273 10.0104 0.541401 -0.54979 0.260682
1.67223 -1.17694 -0.0668973 10.0713 0.545626 -0.552804 0.263973
1.70473 -1.18654 -0.0686453 10.1321 0.549833 -0.555817 0.267276
1.7377 -1.19612 -0.0703704 10.1928 0.55402 -0.558827 0.270591
1.77114 -1.20568 -0.0720717 10.2534 0.558187 -0.561836 0.273916
1.80505 -1.21522 -0.0737485 10.3138 0.562335 -0.564843 0.277253
1.83945 -1.22474 -0.0754001 10.3741 0.566463 -0.567849 0.2806
1.87433 -1.23424 -0.0770258 10.4343 0.570571 -0.570853 0.283958
1.90971 -1.24372 -0.0786249 10.4944 0.574659 -0.573856 0.287327
1.94557 -1.25317 -0.0801965 10.5543 0.578726 -0.576858 0.290707
1.98194 -1.26261 -0.08174 10.6142 0.582773 -0.579858 0.294096
2.01881 -1.27203 -0.0832547 10.6739 0.586799 -0.582858 0.297496
2.05619 -1.28142 -0.0847399 10.7335 0.590804 -0.585856 0.300906
2.09408 -1.2908 -0.0861949 10.7929 0.594789 -0.588854 0.304325
2.13249 -1.30015 -0.087619 10.8523 0.598752 -0.59185 0.307755
2.17143 -1.30948 -0.0890116 10.9116 0.602694 -0.594846 0.311194
2.21089 -1.31879 -0.090372 10.9707 0.606614 -0.597841 0.314642
2.25088 -1.32808 -0.0916996 11.0297 0.610513 -0.600835 0.318099
2.29141 -1.33735 -0.0929935 11.0886 0.61439 -0.603829 0.321566
2.33248 -1.3466 -0.0942534 11.1474 0.618245 -0.606822 0.325042
2.37409 -1.35582 -0.0954786 11.206 0.622078 -0.609814 0.328526
2.41626 -1.36502 -0.0966683 11.2646 0.625888 -0.612806 0.332019
2.45898 -1.3742 -0.097822 11.323 0.629677 -0.615797 0.33552
2.50225 -1.38336 -0.098939 11.3813 0.633442 -0.618787 0.339029
2.54609 -1.39249 -0.100019 11.4395 0.637184 -0.621777 0.342547
2.59049 -1.40161 -0.101061 11.4976 0.640904 -0.624766 0.346072
2.63546 -1.41069 -0.102064 11.5555 0.6446 -0.627755 0.349605
2.68101 -1.41976 -0.103029 11.6133 0.648273 -0.630743 0.353145
2.72713 -1.4288 -0.103954 11.671 0.651922 -0.63373 0.356693
2.77384 -1.43782 -0.10484 11.7286 0.655548 -0.636718 0.360247
2.82114 -1.44682 -0.105684 11.7861 0.659151 -0.639705 0.36381
2.86905 -1.4558 -0.106488 11.8435 0.66273 -0.642692 0.367379
2.91756 -1.46475 -0.10725 11.9007 0.666286 -0.645679 0.370957
2.96668 -1.47368 -0.107971 11.9579 0.669819 -0.648666 0.374541
3.01643 -1.4826 -0.108649 12.0149 0.673328 -0.651654 0.378133
3.0668 -1.49149 -0.109284 12.0718 0.676815 -0.654643 0.381732
3.1178 -1.50036 -0.109876 12.1287 0.680278 -0.657632 0.385339
3.16945 -1.50921 -0.110423 12.1854 0.683718 -0.660623 0.388953
3.22174 -1.51805 -0.110927 12.242 0.687134 -0.663614 0.392574
3.27469 -1.52686 -0.111386 12.2986 0.690527 -0.666606 0.396203
3.3283 -1.53565 -0.111799 12.355 0.693897 -0.669599 0.399838
3.38257 -1.54443 -0.112167 12.4113 0.697243 -0.672594 0.403481
3.43751 -1.55318 -0.112488 12.4676 0.700565 -0.675589 0.40713
3.49314 -1.56192 -0.112763 12.5237 0.703864 -0.678586 0.410786
3.54944 -1.57063 -0.11299 12.5798 0.707139 -0.681585 0.414449
3.60644 -1.57933 -0.113171 12.6357 0.71039 -0.684585 0.418119
3.66414 -1.58801 -0.113303 12.6916 0.713618 -0.687587 0.421795
3.72254 -1.59667 -0.113387 12.7473 0.716822 -0.69059 0.425477
3.78165 -1.60531 -0.113422 12.803 0.720002 -0.693595 0.429166
3.84147 -1.61394 -0.113408 12.8586 0.723158 -0.696602 0.432861
3.90202 -1.62254 -0.113344 12.914 0.72629 -0.699611 0.436562
3.9633 -1.63113 -0.113231 12.9694 0.729397 -0.702622 0.440269
4.02531 -1.63971 -0.113067 13.0247 0.732481 -0.705635 0.443982
