0.00098513 -0.000540033 0.000180344 0.0897316 1.19384e-05 -0.00605028 1.767e-05
0.00200401 -0.00162524 0.000546319 0.180504 4.99915e-05 -0.0121194 5.38972e-05
0.0030756 -0.00324995 0.00110359 0.272454 0.00013403 -0.0181768 0.000109994
0.00439945 -0.00581867 0.00200549 0.380079 0.000321646 -0.0251117 0.000203338
0.00566306 -0.00861326 0.00300905 0.476889 0.000595709 -0.0311925 0.000310923
0.00693513 -0.0116674 0.00412593 0.568976 0.000970312 -0.0368318 0.000435546
0.00829865 -0.0151377 0.0054117 0.662431 0.00148109 -0.042413 0.000585734
0.0097456 -0.0189742 0.00684295 0.756545 0.00214009 -0.0478979 0.0007617
0.0112652 -0.0231253 0.00839187 0.850669 0.0029501 -0.0532602 0.00096288
0.0128473 -0.0275463 0.0100318 0.944346 0.00390684 -0.0584879 0.00118835
0.0144778 -0.0321841 0.0117331 1.03696 0.00499722 -0.0635624 0.00143612
0.0161568 -0.0370328 0.0134843 1.12876 0.00621493 -0.0685128 0.00170618
0.0178855 -0.0420809 0.0152755 1.21987 0.00755081 -0.0733538 0.00199838
0.0196555 -0.0473056 0.0170903 1.31008 0.00899261 -0.0780876 0.00231135
0.021465 -0.0526927 0.0189191 1.39935 0.0105297 -0.0827207 0.00264434
0.0233143 -0.0582375 0.0207563 1.48779 0.0121547 -0.0872653 0.00299706
0.0252025 -0.0639314 0.0225954 1.57541 0.0138598 -0.0917279 0.003369
0.027125 -0.0697539 0.0244272 1.66204 0.0156344 -0.0961049 0.00375881
0.0290877 -0.0757174 0.0262531 1.74798 0.0174781 -0.100416 0.00416732
0.0310931 -0.0818239 0.0280713 1.83334 0.0193886 -0.104669 0.00459476
0.0331397 -0.0880624 0.0298766 1.91805 0.0213596 -0.108865 0.00504045
0.0352136 -0.0943843 0.0316536 2.00158 0.0233738 -0.112978 0.00550091
0.0373274 -0.100822 0.0334105 2.08443 0.0254393 -0.117037 0.00597851
0.0394999 -0.107428 0.0351594 2.16731 0.0275712 -0.121078 0.00647734
0.0417336 -0.114203 0.036898 2.25026 0.0297689 -0.125104 0.0069978
0.0440278 -0.121139 0.0386217 2.33319 0.032029 -0.12911 0.00753958
0.0463829 -0.128231 0.0403267 2.41605 0.0343488 -0.133096 0.0081025
0.0487996 -0.135473 0.04201 2.49881 0.0367264 -0.137062 0.00868654
0.0512796 -0.142865 0.0436691 2.58148 0.0391606 -0.141008 0.00929186
0.0538251 -0.150407 0.045302 2.66409 0.041651 -0.144936 0.00991876
0.0564383 -0.158098 0.0469068 2.74664 0.0441972 -0.148847 0.0105675
0.0591217 -0.165939 0.0484813 2.82915 0.0467989 -0.152743 0.0112385
0.0618774 -0.17393 0.0500235 2.91164 0.0494556 -0.156624 0.011932
0.0647077 -0.182069 0.0515316 2.99412 0.052167 -0.160492 0.0126482
0.0676148 -0.190357 0.0530032 3.07658 0.0549325 -0.164347 0.0133874
0.0706009 -0.198793 0.0544366 3.15904 0.0577517 -0.16819 0.01415
0.0736682 -0.207375 0.0558295 3.2415 0.0606241 -0.172021 0.014936
0.0768189 -0.216104 0.0571802 3.32395 0.0635491 -0.175841 0.0157458
0.0800553 -0.224977 0.0584866 3.4064 0.0665264 -0.17965 0.0165796
0.0833797 -0.233994 0.0597469 3.48886 0.0695555 -0.183447 0.0174376
0.0867942 -0.243154 0.0609593 3.57132 0.0726354 -0.187234 0.0183201
0.0903011 -0.252455 0.0621219 3.65377 0.0757659 -0.191011 0.0192271
0.0939029 -0.261897 0.0632331 3.73622 0.0789464 -0.194777 0.0201591
0.097602 -0.271478 0.0642913 3.81867 0.0821763 -0.198533 0.021116
0.101401 -0.281196 0.0652947 3.90111 0.0854551 -0.202279 0.0220982
0.105301 -0.29105 0.066242 3.98355 0.088782 -0.206015 0.0231058
0.109306 -0.30104 0.0671316 4.06597 0.0921566 -0.209741 0.024139
0.113418 -0.311163 0.0679621 4.14838 0.0955781 -0.213456 0.025198
0.117639 -0.321417 0.0687323 4.23078 0.0990459 -0.217162 0.0262829
0.121972 -0.331802 0.0694407 4.31316 0.102559 -0.220858 0.0273939
0.12642 -0.342316 0.0700864 4.39551 0.106118 -0.224545 0.0285311
0.130984 -0.352956 0.0706681 4.47784 0.109721 -0.228221 0.0296946
0.135668 -0.363722 0.0711848 4.56015 0.113367 -0.231887 0.0308847
0.140474 -0.374611 0.0716355 4.64242 0.117056 -0.235543 0.0321013
0.145404 -0.385621 0.0720194 4.72466 0.120787 -0.239189 0.0333447
0.150462 -0.396751 0.0723356 4.80685 0.12456 -0.242825 0.0346149
0.15565 -0.407999 0.0725835 4.889 0.128374 -0.246451 0.0359121
0.16097 -0.419363 0.0727623 4.97111 0.132227 -0.250067 0.0372363
0.166426 -0.43084 0.0728714 5.05316 0.136119 -0.253673 0.0385875
0.172019 -0.44243 0.0729103 5.13517 0.14005 -0.257268 0.039966
0.177753 -0.454129 0.0728787 5.21711 0.144018 -0.260853 0.0413717
0.183631 -0.465936 0.072776 5.29899 0.148023 -0.264428 0.0428048
0.189655 -0.477849 0.0726022 5.38081 0.152064 -0.267992 0.0442652
0.195829 -0.489865 0.0723568 5.46256 0.156141 -0.271546 0.0457531
0.202154 -0.501983 0.0720398 5.54424 0.160251 -0.27509 0.0472684
0.208634 -0.5142 0.0716511 5.62584 0.164395 -0.278623 0.0488112
0.215272 -0.526515 0.0711907 5.70736 0.168572 -0.282146 0.0503816
0.22207 -0.538925 0.0706587 5.7888 0.172781 -0.285658 0.0519795
0.229032 -0.551428 0.0700552 5.87016 0.177022 -0.28916 0.053605
0.23616 -0.564021 0.0693803 5.95142 0.181292 -0.292651 0.055258
0.243457 -0.576703 0.0686345 6.0326 0.185592 -0.296132 0.0569386
0.250927 -0.589471 0.0678179 6.11367 0.189921 -0.299602 0.0586468
0.258571 -0.602323 0.0669311 6.19465 0.194277 -0.303062 0.0603825
0.266394 -0.615257 0.0659745 6.27552 0.19866 -0.306511 0.0621456
0.274399 -0.62827 0.0649486 6.35629 0.20307 -0.30995 0.0639363
0.282587 -0.641361 0.0638539 6.43695 0.207505 -0.313378 0.0657543
0.290963 -0.654526 0.0626912 6.5175 0.211964 -0.316795 0.0675998
0.299529 -0.667764 0.0614611 6.59793 0.216447 -0.320202 0.0694725
0.308288 -0.681073 0.0601644 6.67824 0.220952 -0.323598 0.0713725
0.317244 -0.694449 0.0588021 6.75843 0.22548 -0.326984 0.0732996
0.326399 -0.707892 0.0573748 6.83849 0.230028 -0.330359 0.0752538
0.335756 -0.721397 0.0558836 6.91843 0.234597 -0.333724 0.0772349
0.345319 -0.734964 0.0543294 6.99823 0.239184 -0.337079 0.079243
0.355091 -0.74859 0.0527133 7.07789 0.243791 -0.340423 0.0812778
0.365074 -0.762273 0.0510364 7.15742 0.248415 -0.343757 0.0833393
0.375272 -0.77601 0.0492998 7.23681 0.253056 -0.34708 0.0854273
0.385688 -0.789799 0.0475046 7.31606 0.257712 -0.350393 0.0875417
0.396326 -0.803638 0.0456521 7.39516 0.262384 -0.353697 0.0896823
0.407188 -0.817525 0.0437435 7.47411 0.26707 -0.356989 0.0918491
0.418277 -0.831458 0.0417801 7.55292 0.27177 -0.360272 0.0940419
0.429596 -0.845435 0.039763 7.63156 0.276482 -0.363545 0.0962605
0.44115 -0.859453 0.0376941 7.71005 0.281206 -0.366808 0.0985047
0.45294 -0.87351 0.0355745 7.78839 0.285941 -0.370062 0.100774
0.46497 -0.887604 0.0334057 7.86656 0.290686 -0.373305 0.103069
0.477244 -0.901733 0.031189 7.94457 0.29544 -0.376539 0.105389
0.489764 -0.915896 0.0289261 8.02242 0.300203 -0.379763 0.107734
0.502535 -0.93009 0.0266183 8.1001 0.304974 -0.382979 0.110104
0.515558 -0.944314 0.0242673 8.17762 0.309752 -0.386184 0.112499
0.528838 -0.958565 0.0218745 8.25497 0.314536 -0.389381 0.114917
0.542378 -0.972841 0.0194416 8.33215 0.319326 -0.392569 0.11736
0.556181 -0.987142 0.0169701 8.40915 0.32412 -0.395748 0.119827
0.570251 -1.00147 0.0144616 8.48599 0.328919 -0.398918 0.122318
0.584591 -1.01581 0.0119177 8.56265 0.333721 -0.40208 0.124832
0.599205 -1.03017 0.00933997 8.63915 0.338526 -0.405233 0.127369
0.614096 -1.04455 0.00673004 8.71547 0.343333 -0.408379 0.12993
0.629269 -1.05895 0.00408948 8.79162 0.348141 -0.411516 0.132514
0.644728 -1.07336 0.00141984 8.8676 0.352951 -0.414646 0.135121
0.660476 -1.08779 -0.00127734 8.94342 0.357762 -0.417769 0.137751
0.676518 -1.10223 -0.00400056 9.01908 0.362573 -0.420885 0.140403
0.69286 -1.11669 -0.00674836 9.09458 0.367384 -0.423994 0.143079
0.709506 -1.13116 -0.00951929 9.16993 0.372194 -0.427098 0.145777
0.726461 -1.14564 -0.012312 9.24513 0.377004 -0.430195 0.148497
0.743733 -1.16014 -0.015125 9.3202 0.381814 -0.433288 0.151241
0.761326 -1.17465 -0.0179571 9.39513 0.386623 -0.436376 0.154008
0.779247 -1.18917 -0.0208069 9.46995 0.391431 -0.43946 0.156797
0.797501 -1.20371 -0.0236728 9.54464 0.396238 -0.44254 0.15961
0.816095 -1.21826 -0.0265535 9.61922 0.401044 -0.445616 0.162446
0.835032 -1.23283 -0.0294473 9.69369 0.405848 -0.44869 0.165304
0.854318 -1.2474 -0.0323524 9.76804 0.41065 -0.45176 0.168185
0.873955 -1.26199 -0.0352671 9.84227 0.415448 -0.454827 0.171088
0.893946 -1.27658 -0.0381892 9.91637 0.420241 -0.457891 0.174013
0.914294 -1.29117 -0.041117 9.99033 0.42503 -0.460952 0.17696
0.935001 -1.30577 -0.0440482 10.0642 0.429812 -0.464008 0.179926
0.956068 -1.32036 -0.046981 10.1378 0.434586 -0.467062 0.182913
0.977497 -1.33495 -0.0499133 10.2113 0.439351 -0.470111 0.185919
0.999291 -1.34953 -0.0528432 10.2847 0.444107 -0.473156 0.188944
1.02145 -1.36411 -0.0557689 10.3578 0.448853 -0.476197 0.191987
1.04398 -1.37867 -0.0586886 10.4308 0.453587 -0.479234 0.195048
1.06688 -1.39322 -0.0616004 10.5036 0.458309 -0.482267 0.198127
1.09016 -1.40776 -0.0645028 10.5762 0.463019 -0.485296 0.201222
1.11382 -1.42229 -0.067394 10.6486 0.467716 -0.48832 0.204335
1.13786 -1.43679 -0.0702725 10.7209 0.4724 -0.491341 0.207464
1.16228 -1.45128 -0.0731366 10.7929 0.477069 -0.494359 0.210608
1.18709 -1.46576 -0.0759848 10.8648 0.481724 -0.497373 0.213769
1.21229 -1.48021 -0.0788156 10.9364 0.486364 -0.500383 0.216945
1.2379 -1.49465 -0.0816275 11.0079 0.490989 -0.50339 0.220137
1.2639 -1.50907 -0.084419 11.0792 0.495598 -0.506394 0.223343
1.2903 -1.52346 -0.0871886 11.1503 0.500192 -0.509395 0.226564
1.31712 -1.53784 -0.089935 11.2212 0.504769 -0.512394 0.229799
1.34434 -1.55219 -0.0926566 11.292 0.50933 -0.515389 0.233049
1.37199 -1.56653 -0.0953522 11.3625 0.513874 -0.518383 0.236312
1.40005 -1.58084 -0.0980202 11.4329 0.5184 -0.521374 0.239589
1.42854 -1.59512 -0.100659 11.5031 0.52291 -0.524362 0.24288
1.45745 -1.60939 -0.103268 11.5731 0.527401 -0.527349 0.246183
1.4868 -1.62363 -0.105846 11.6429 0.531875 -0.530334 0.2495
1.51659 -1.63784 -0.10839 11.7125 0.536331 -0.533318 0.252829
1.54682 -1.65204 -0.1109 11.782 0.540769 -0.5363 0.256171
1.57749 -1.6662 -0.113375 11.8513 0.545187 -0.53928 0.259525
1.60862 -1.68035 -0.115813 11.9204 0.549587 -0.542259 0.262892
1.64019 -1.69446 -0.118213 11.9893 0.553968 -0.545237 0.26627
1.67223 -1.70855 -0.120573 12.0581 0.55833 -0.548214 0.26966
1.70473 -1.72262 -0.122893 12.1266 0.562673 -0.55119 0.273061
1.7377 -1.73666 -0.125171 12.195 0.566995 -0.554165 0.276473
1.77114 -1.75067 -0.127405 12.2633 0.571298 -0.55714 0.279896
1.80505 -1.76465 -0.129596 12.3313 0.575581 -0.560114 0.283331
1.83945 -1.77861 -0.131741 12.3992 0.579843 -0.563088 0.286775
1.87433 -1.79254 -0.133839 12.4669 0.584086 -0.566061 0.29023
1.90971 -1.80645 -0.135889 12.5345 0.588307 -0.569034 0.293696
1.94557 -1.82032 -0.137889 12.6019 0.592509 -0.572007 0.297171
1.98194 -1.83417 -0.13984 12.6691 0.596689 -0.574981 0.300656
2.01881 -1.84799 -0.141739 12.7362 0.600848 -0.577954 0.304151
2.05619 -1.86178 -0.143585 12.8031 0.604986 -0.580927 0.307655
2.09408 -1.87554 -0.145377 12.8698 0.609103 -0.5839 0.311169
2.13249 -1.88928 -0.147115 12.9363 0.613198 -0.586874 0.314691
2.17143 -1.90298 -0.148796 13.0027 0.617272 -0.589848 0.318222
2.21089 -1.91666 -0.15042 13.069 0.621323 -0.592823 0.321762
2.25088 -1.9303 -0.151985 13.1351 0.625353 -0.595798 0.325311
2.29141 -1.94392 -0.153491 13.201 0.629361 -0.598774 0.328868
2.33248 -1.95751 -0.154936 13.2667 0.633347 -0.60175 0.332433
2.37409 -1.97106 -0.156319 13.3323 0.63731 -0.604727 0.336005
2.41626 -1.98459 -0.15764 13.3978 0.64125 -0.607704 0.339586
2.45898 -1.99808 -0.158896 13.463 0.645168 -0.610682 0.343173
2.50225 -2.01155 -0.160088 13.5281 0.649063 -0.613661 0.346768
2.54609 -2.02498 -0.161213 13.5931 0.652934 -0.616641 0.35037
2.59049 -2.03838 -0.162271 13.6579 0.656783 -0.619621 0.353979
2.63546 -2.05175 -0.163261 13.7225 0.660607 -0.622601 0.357594
2.68101 -2.06509 -0.164182 13.787 0.664409 -0.625583 0.361215
2.72713 -2.07839 -0.165032 13.8512 0.668186 -0.628565 0.364843
2.77384 -2.09167 -0.165812 13.9154 0.67194 -0.631548 0.368476
2.82114 -2.10491 -0.166519 13.9794 0.67567 -0.634532 0.372116
2.86905 -2.11812 -0.167154 14.0432 0.679377 -0.637518 0.375762
2.91756 -2.1313 -0.167715 14.1069 0.683061 -0.640505 0.379414
2.96668 -2.14446 -0.168201 14.1704 0.686721 -0.643493 0.383072
3.01643 -2.15758 -0.168611 14.2338 0.690358 -0.646484 0.386737
3.0668 -2.17068 -0.168944 14.2971 0.693971 -0.649476 0.390407
3.1178 -2.18374 -0.1692 14.3602 0.697561 -0.65247 0.394083
3.16945 -2.19678 -0.169378 14.4232 0.701128 -0.655466 0.397766
3.22174 -2.2098 -0.169476 14.486 0.704671 -0.658465 0.401454
3.27469 -2.22278 -0.169494 14.5487 0.708191 -0.661465 0.405147
3.3283 -2.23574 -0.16943 14.6113 0.711688 -0.664468 0.408847
3.38257 -2.24867 -0.169285 14.6737 0.715161 -0.667474 0.412551
3.43751 -2.26157 -0.169057 14.7361 0.71861 -0.670482 0.416262
3.49314 -2.27445 -0.168745 14.7982 0.722036 -0.673492 0.419977
3.54944 -2.2873 -0.168349 14.8603 0.725438 -0.676505 0.423698
3.60644 -2.30013 -0.167868 14.9222 0.728817 -0.679521 0.427423
3.66414 -2.31293 -0.167301 14.984 0.732172 -0.68254 0.431154
3.72254 -2.32571 -0.166647 15.0457 0.735503 -0.685562 0.434889
3.78165 -2.33846 -0.165906 15.1072 0.738811 -0.688586 0.43863
3.84147 -2.35118 -0.165077 15.1686 0.742094 -0.691614 0.442374
3.90202 -2.36388 -0.164159 15.2299 0.745354 -0.694644 0.446123
3.9633 -2.37656 -0.163151 15.2911 0.74859 -0.697678 0.449877
4.02531 -2.38922 -0.162054 15.3522 0.751803 -0.700715 0.453634
