5.81222e-05 0.00389606
0.000116245 0.00779211
0.000174368 0.0116882
0.000232492 0.0155842
0.000290618 0.0194803
0.000348744 0.0233763
0.000406873 0.0272724
0.000465004 0.0311684
0.000523138 0.0350645
0.000581274 0.0389605
0.000639413 0.0428566
0.000697555 0.0467527
0.000755702 0.0506487
0.000813852 0.0545448
0.000872007 0.0584409
0.000930166 0.062337
0.00098833 0.0662331
0.0010465 0.0701291
0.00110467 0.0740252
0.00116285 0.0779214
0.00122104 0.0818175
0.00127923 0.0857136
0.00133743 0.0896097
0.00139564 0.0935058
0.00145385 0.097402
0.00151208 0.101298
0.0015703 0.105194
0.00162854 0.10909
0.00168679 0.112987
0.00174504 0.116883
0.00180331 0.120779
0.00186158 0.124675
0.00191987 0.128571
0.00197816 0.132468
0.00203646 0.136364
0.00209478 0.14026
0.0021531 0.144156
0.00221144 0.148053
0.00226979 0.151949
0.00232815 0.155845
0.00238652 0.159742
0.0024449 0.163638
0.0025033 0.167534
0.00256171 0.171431
0.00262013 0.175327
0.00267857 0.179224
0.00273702 0.18312
0.00279549 0.187017
0.00285397 0.190913
0.00291246 0.19481
0.00297097 0.198706
0.0030295 0.202603
0.00308804 0.206499
0.00314659 0.210396
0.00320517 0.214292
0.00326376 0.218189
0.00332236 0.222086
0.00338099 0.225982
0.00343963 0.229879
0.00349829 0.233776
0.00355697 0.237672
0.00361566 0.241569
0.00367438 0.245466
0.00373311 0.249363
0.00379186 0.25326
0.00385063 0.257156
0.00390943 0.261053
0.00396824 0.26495
0.00402707 0.268847
0.00408592 0.272744
0.0041448 0.276641
0.00420369 0.280538
0.00426261 0.284435
0.00432155 0.288332
0.00438051 0.292229
0.0044395 0.296127
0.0044985 0.300024
0.00455753 0.303921
0.00461672 0.307818
0.00467574 0.311717
0.00473481 0.315614
0.00479405 0.319512
0.00485314 0.32341
0.00491228 0.327308
0.00497161 0.331206
0.00503077 0.335104
0.00508999 0.339002
0.0051494 0.3429
0.00520863 0.346799
0.00526807 0.350697
0.00532735 0.354596
0.00538684 0.358494
0.00544617 0.362393
0.00550572 0.366292
0.00556511 0.370191
0.00562472 0.374089
0.00568416 0.377989
0.00574384 0.381887
0.00580333 0.385787
0.00586307 0.389686
0.00592261 0.393585
0.00598242 0.397484
0.00604202 0.401384
0.00610189 0.405283
0.00616155 0.409182
0.00622149 0.413082
0.00628121 0.416981
0.00634121 0.420881
0.00640113 0.424781
0.00646108 0.428681
0.00652106 0.432582
0.00658108 0.436482
0.00664113 0.440383
0.00670121 0.444283
0.00676133 0.448184
0.00682149 0.452085
0.00688167 0.455986
0.0069419 0.459887
0.00700215 0.463788
0.00706245 0.467689
0.00712278 0.47159
0.00718314 0.475491
0.00724354 0.479393
0.00730398 0.483294
0.00736445 0.487196
0.00742496 0.491097
0.00748551 0.494999
0.0075461 0.498901
0.00760672 0.502803
0.00766738 0.506705
0.00772808 0.510607
0.00778882 0.514509
0.0078496 0.518411
0.00791042 0.522314
0.00797127 0.526216
0.00803217 0.530118
0.0080931 0.534021
0.00815408 0.537924
0.0082151 0.541827
0.00827615 0.545729
0.00833725 0.549632
0.00839839 0.553535
0.00845957 0.557439
0.0085208 0.561342
0.00858206 0.565245
0.00864337 0.569149
0.00870472 0.573052
0.00876611 0.576956
0.00882755 0.580859
0.00888903 0.584763
0.00895055 0.588667
0.00901212 0.592571
0.00907373 0.596475
0.00913538 0.600379
0.00919708 0.604284
0.00925883 0.608188
0.00932062 0.612093
0.00938245 0.615997
0.00944433 0.619902
0.00950626 0.623807
0.00956823 0.627711
0.00963025 0.631616
0.00969231 0.635522
0.00975443 0.639427
0.00981659 0.643332
0.00987879 0.647237
0.00994105 0.651143
0.0100033 0.655049
0.0100657 0.658954
0.0101281 0.66286
0.0101905 0.666766
0.010253 0.670672
0.0103156 0.674578
0.0103782 0.678484
0.0104408 0.682391
0.0105035 0.686297
0.0105663 0.690204
0.0106291 0.69411
0.0106919 0.698017
0.0107548 0.701924
0.0108177 0.705831
0.0108807 0.709738
0.0109438 0.713645
0.0110069 0.717553
0.01107 0.72146
0.0111332 0.725368
0.0111965 0.729275
0.0112598 0.733183
0.0113232 0.737091
0.0113866 0.740999
0.0114501 0.744907
0.0115136 0.748815
0.0115771 0.752724
0.0116408 0.756632
0.0117045 0.760541
0.0117682 0.764449
0.011832 0.768358
0.0118958 0.772267
0.0119597 0.776176
0.0120237 0.780085
0.0120877 0.783994
0.0121518 0.787904
0.0122159 0.791813
0.0122801 0.795723
0.0123443 0.799632
0.0124086 0.803542
0.012473 0.807452
0.0125374 0.811362
0.0126018 0.815272
0.0126664 0.819182
0.0127309 0.823093
0.0127956 0.827003
0.0128603 0.830914
0.012925 0.834825
0.0129898 0.838736
0.0130547 0.842647
0.0131196 0.846558
0.0131846 0.850469
0.0132497 0.85438
0.0133148 0.858292
0.0133799 0.862203
0.0134452 0.866115
0.0135105 0.870027
0.0135758 0.873939
0.0136412 0.877851
0.0137067 0.881763
0.0137722 0.885675
0.0138378 0.889588
0.0139035 0.8935
0.0139692 0.897413
0.014035 0.901326
0.0141008 0.905239
0.0141667 0.909152
0.0142327 0.913065
0.0142987 0.916978
0.0143648 0.920891
0.0144309 0.924805
0.0144971 0.928719
0.0145634 0.932632
0.0146298 0.936546
0.0146962 0.94046
0.0147626 0.944374
0.0148292 0.948289
0.0148958 0.952203
0.0149624 0.956118
0.0150291 0.960032
0.0150959 0.963947
0.0151628 0.967862
0.0152297 0.971777
0.0152967 0.975692
0.0153638 0.979607
0.0154309 0.983523
0.0154981 0.987438
0.0155653 0.991354
0.0156326 0.99527
0.0157 0.999186
0.0157675 1.0031
0.015835 1.00702
0.0159026 1.01093
0.0159702 1.01485
0.0160379 1.01877
0.0161057 1.02268
0.0161736 1.0266
0.0162415 1.03052
0.0163095 1.03443
0.0163775 1.03835
0.0164457 1.04227
0.0165139 1.04619
0.0165821 1.0501
0.0166505 1.05402
0.0167189 1.05794
0.0167873 1.06186
0.0168559 1.06578
0.0169245 1.06969
0.0169932 1.07361
0.0170619 1.07753
0.0171307 1.08145
0.0171996 1.08537
0.0172686 1.08929
0.0173376 1.09321
0.0174067 1.09712
0.0174759 1.10104
0.0175452 1.10496
0.0176145 1.10888
0.0176839 1.1128
0.0177533 1.11672
0.0178228 1.12064
0.0178925 1.12456
0.0179621 1.12848
0.0180319 1.1324
0.0181017 1.13632
0.0181716 1.14024
0.0182416 1.14416
0.0183116 1.14808
0.0183817 1.15201
0.0184519 1.15593
0.0185221 1.15985
0.0185925 1.16377
0.0186629 1.16769
0.0187334 1.17161
0.0188039 1.17553
0.0188745 1.17945
0.0189452 1.18338
0.019016 1.1873
0.0190869 1.19122
0.0191578 1.19514
0.0192288 1.19907
0.0192999 1.20299
0.019371 1.20691
0.0194422 1.21083
0.0195135 1.21476
0.0195849 1.21868
0.0196564 1.2226
0.0197279 1.22653
0.0197995 1.23045
0.0198712 1.23437
0.0199429 1.2383
0.0200148 1.24222
0.0200867 1.24615
0.0201587 1.25007
0.0202307 1.25399
0.0203029 1.25792
0.0203751 1.26184
0.0204474 1.26577
0.0205197 1.26969
0.0205922 1.27362
0.0206647 1.27754
0.0207373 1.28147
0.02081 1.28539
0.0208828 1.28932
0.0209556 1.29324
0.0210285 1.29717
0.0211015 1.3011
0.0211746 1.30502
0.0212477 1.30895
0.021321 1.31287
0.0213943 1.3168
0.0214677 1.32073
0.0215411 1.32465
0.0216147 1.32858
0.0216883 1.33251
0.021762 1.33644
0.0218358 1.34036
0.0219097 1.34429
0.0219836 1.34822
0.0220576 1.35214
0.0221317 1.35607
0.0222059 1.36
0.0222802 1.36393
0.0223545 1.36786
0.022429 1.37178
0.0225035 1.37571
0.0225781 1.37964
0.0226527 1.38357
0.0227275 1.3875
0.0228023 1.39143
0.0228772 1.39536
0.0229522 1.39929
0.0230273 1.40322
0.0231024 1.40714
0.0231777 1.41107
0.023253 1.415
0.0233284 1.41893
0.0234039 1.42286
0.0234795 1.42679
0.0235551 1.43072
0.0236308 1.43465
0.0237067 1.43858
0.0237826 1.44252
0.0238585 1.44645
0.0239346 1.45038
0.0240107 1.45431
0.024087 1.45824
0.0241633 1.46217
0.0242397 1.4661
0.0243162 1.47003
0.0243927 1.47397
0.0244694 1.4779
0.0245461 1.48183
0.0246229 1.48576
0.0246998 1.48969
0.0247768 1.49363
0.0248539 1.49756
0.024931 1.50149
0.0250082 1.50542
0.0250856 1.50936
0.025163 1.51329
0.0252404 1.51722
0.025318 1.52116
0.0253957 1.52509
0.0254734 1.52902
0.0255512 1.53296
0.0256292 1.53689
0.0257072 1.54082
0.0257852 1.54476
0.0258634 1.54869
0.0259417 1.55263
0.02602 1.55656
0.0260984 1.56049
0.0261769 1.56443
0.0262555 1.56836
0.0263342 1.5723
0.026413 1.57623
0.0264918 1.58017
0.0265708 1.5841
0.0266498 1.58804
0.0267289 1.59198
0.0268081 1.59591
0.0268874 1.59985
0.0269668 1.60378
0.0270462 1.60772
0.0271258 1.61166
0.0272054 1.61559
0.0272851 1.61953
0.0273649 1.62347
0.0274448 1.6274
0.0275248 1.63134
0.0276049 1.63528
0.027685 1.63921
0.0277653 1.64315
0.0278456 1.64709
0.027926 1.65102
0.0280065 1.65496
0.0280871 1.6589
0.0281678 1.66284
0.0282486 1.66678
0.0283294 1.67071
0.0284104 1.67465
0.0284914 1.67859
0.0285725 1.68253
0.0286537 1.68647
0.028735 1.69041
0.0288164 1.69435
0.0288979 1.69829
0.0289795 1.70222
0.0290611 1.70616
0.0291428 1.7101
0.0292247 1.71404
0.0293066 1.71798
0.0293886 1.72192
0.0294707 1.72586
0.0295529 1.7298
0.0296352 1.73374
0.0297175 1.73768
0.0298 1.74162
0.0298825 1.74556
0.0299652 1.7495
0.0300479 1.75345
0.0301307 1.75739
0.0302136 1.76133
0.0302966 1.76527
0.0303797 1.76921
0.0304628 1.77315
0.0305461 1.77709
0.0306295 1.78103
0.0307129 1.78498
0.0307964 1.78892
0.0308801 1.79286
0.0309638 1.7968
0.0310476 1.80074
0.0311315 1.80469
0.0312154 1.80863
0.0312995 1.81257
0.0313837 1.81652
0.0314679 1.82046
0.0315523 1.8244
0.0316367 1.82834
0.0317213 1.83229
0.0318059 1.83623
0.0318906 1.84017
0.0319754 1.84412
0.0320603 1.84806
0.0321453 1.85201
0.0322303 1.85595
0.0323155 1.85989
0.0324008 1.86384
0.0324861 1.86778
0.0325716 1.87173
0.0326571 1.87567
0.0327427 1.87962
0.0328284 1.88356
0.0329142 1.88751
0.0330001 1.89145
0.0330861 1.8954
0.0331722 1.89934
0.0332584 1.90329
0.0333446 1.90723
0.033431 1.91118
0.0335175 1.91513
0.033604 1.91907
0.0336906 1.92302
0.0337774 1.92696
0.0338642 1.93091
0.0339511 1.93486
0.0340381 1.9388
0.0341252 1.94275
0.0342124 1.9467
0.0342997 1.95064
0.034387 1.95459
0.0344745 1.95854
0.0345621 1.96249
0.0346497 1.96643
0.0347375 1.97038
0.0348253 1.97433
0.0349132 1.97828
0.0350013 1.98223
0.0350894 1.98617
0.0351776 1.99012
0.0352659 1.99407
0.0353543 1.99802
0.0354428 2.00197
0.0355314 2.00592
0.03562 2.00986
0.0357088 2.01381
0.0357977 2.01776
0.0358866 2.02171
0.0359757 2.02566
0.0360648 2.02961
0.0361541 2.03356
0.0362434 2.03751
0.0363328 2.04146
0.0364223 2.04541
0.0365119 2.04936
0.0366016 2.05331
0.0366914 2.05726
0.0367813 2.06121
0.0368713 2.06516
0.0369614 2.06911
0.0370516 2.07306
0.0371419 2.07701
0.0372322 2.08096
0.0373227 2.08491
0.0374132 2.08886
0.0375039 2.09282
0.0375946 2.09677
0.0376854 2.10072
0.0377764 2.10467
0.0378674 2.10862
0.0379585 2.11257
0.0380497 2.11653
0.038141 2.12048
0.0382324 2.12443
0.0383239 2.12838
0.0384155 2.13233
0.0385072 2.13629
0.038599 2.14024
0.0386909 2.14419
0.0387828 2.14815
0.0388749 2.1521
0.0389671 2.15605
0.0390593 2.16
0.0391517 2.16396
0.0392441 2.16791
0.0393367 2.17187
0.0394293 2.17582
0.039522 2.17977
0.0396148 2.18373
0.0397078 2.18768
0.0398008 2.19163
0.0398939 2.19559
0.0399871 2.19954
0.0400804 2.2035
0.0401738 2.20745
0.0402673 2.21141
0.0403609 2.21536
0.0404546 2.21932
0.0405483 2.22327
0.0406422 2.22723
0.0407362 2.23118
0.0408303 2.23514
0.0409244 2.23909
0.0410187 2.24305
0.041113 2.247
0.0412075 2.25096
0.041302 2.25492
0.0413967 2.25887
0.0414914 2.26283
0.0415862 2.26678
0.0416811 2.27074
0.0417762 2.2747
0.0418713 2.27865
0.0419665 2.28261
0.0420618 2.28657
0.0421572 2.29052
0.0422527 2.29448
0.0423483 2.29844
0.042444 2.30239
0.0425398 2.30635
0.0426357 2.31031
0.0427317 2.31427
0.0428278 2.31822
0.0429239 2.32218
0.0430202 2.32614
0.0431166 2.3301
0.043213 2.33405
0.0433096 2.33801
0.0434063 2.34197
0.043503 2.34593
0.0435999 2.34989
0.0436968 2.35385
0.0437939 2.3578
0.043891 2.36176
0.0439882 2.36572
0.0440856 2.36968
0.044183 2.37364
0.0442805 2.3776
0.0443782 2.38156
0.0444759 2.38552
0.0445737 2.38948
0.0446716 2.39344
0.0447696 2.3974
0.0448677 2.40136
0.0449659 2.40532
0.0450642 2.40928
0.0451626 2.41324
0.0452611 2.4172
0.0453597 2.42116
0.0454584 2.42512
0.0455572 2.42908
0.0456561 2.43304
0.0457551 2.437
0.0458542 2.44096
0.0459533 2.44492
0.0460526 2.44888
0.046152 2.45284
0.0462515 2.4568
0.046351 2.46077
0.0464507 2.46473
0.0465504 2.46869
0.0466503 2.47265
0.0467503 2.47661
0.0468503 2.48057
0.0469505 2.48453
0.0470507 2.4885
0.047151 2.49246
0.0472515 2.49642
0.047352 2.50038
0.0474527 2.50435
0.0475534 2.50831
0.0476542 2.51227
0.0477552 2.51623
0.0478562 2.5202
0.0479573 2.52416
0.0480585 2.52812
0.0481599 2.53208
0.0482613 2.53605
0.0483628 2.54001
0.0484644 2.54397
0.0485661 2.54794
0.0486679 2.5519
0.0487698 2.55586
0.0488718 2.55983
0.0489739 2.56379
0.0490761 2.56776
0.0491784 2.57172
0.0492808 2.57568
0.0493833 2.57965
0.0494859 2.58361
0.0495886 2.58758
0.0496914 2.59154
0.0497943 2.59551
0.0498973 2.59947
0.0500004 2.60344
0.0501035 2.6074
0.0502068 2.61137
0.0503102 2.61533
0.0504137 2.6193
0.0505173 2.62326
0.0506209 2.62723
0.0507247 2.63119
0.0508286 2.63516
0.0509325 2.63912
0.0510366 2.64309
0.0511408 2.64705
0.051245 2.65102
0.0513494 2.65498
0.0514539 2.65895
0.0515584 2.66292
0.0516631 2.66688
0.0517678 2.67085
0.0518727 2.67482
0.0519776 2.67878
0.0520827 2.68275
0.0521878 2.68672
0.0522931 2.69068
0.0523984 2.69465
0.0525039 2.69862
0.0526094 2.70258
0.0527151 2.70655
0.0528208 2.71052
0.0529267 2.71448
0.0530326 2.71845
0.0531386 2.72242
0.0532448 2.72639
0.053351 2.73035
0.0534573 2.73432
0.0535638 2.73829
0.0536703 2.74226
0.0537769 2.74622
0.0538837 2.75019
0.0539905 2.75416
0.0540974 2.75813
0.0542045 2.7621
0.0543116 2.76607
0.0544188 2.77003
0.0545261 2.774
0.0546336 2.77797
0.0547411 2.78194
0.0548487 2.78591
0.0549564 2.78988
0.0550643 2.79385
0.0551722 2.79781
0.0552802 2.80178
0.0553883 2.80575
0.0554966 2.80972
0.0556049 2.81369
0.0557133 2.81766
0.0558218 2.82163
0.0559304 2.8256
0.0560391 2.82957
0.056148 2.83354
0.0562569 2.83751
0.0563659 2.84148
0.056475 2.84545
0.0565842 2.84942
0.0566935 2.85339
0.056803 2.85736
0.0569125 2.86133
0.0570221 2.8653
0.0571318 2.86927
0.0572416 2.87324
0.0573515 2.87721
0.0574615 2.88118
0.0575716 2.88515
0.0576819 2.88912
0.0577922 2.89309
0.0579026 2.89706
0.0580131 2.90104
0.0581237 2.90501
0.0582344 2.90898
0.0583452 2.91295
0.0584561 2.91692
0.0585672 2.92089
0.0586783 2.92486
0.0587895 2.92883
0.0589008 2.93281
0.0590122 2.93678
0.0591237 2.94075
0.0592353 2.94472
0.059347 2.94869
0.0594589 2.95267
0.0595708 2.95664
0.0596828 2.96061
0.0597949 2.96458
0.0599071 2.96855
0.0600194 2.97253
0.0601318 2.9765
0.0602444 2.98047
0.060357 2.98444
0.0604697 2.98842
0.0605825 2.99239
0.0606954 2.99636
0.0608084 3.00033
0.0609216 3.00431
0.0610348 3.00828
0.0611481 3.01225
0.0612615 3.01623
0.061375 3.0202
0.0614887 3.02417
0.0616024 3.02815
0.0617162 3.03212
0.0618301 3.03609
0.0619442 3.04007
0.0620583 3.04404
0.0621725 3.04801
0.0622868 3.05199
0.0624013 3.05596
0.0625158 3.05994
0.0626304 3.06391
0.0627452 3.06788
0.06286 3.07186
0.0629749 3.07583
0.06309 3.07981
0.0632051 3.08378
0.0633203 3.08775
0.0634357 3.09173
0.0635511 3.0957
0.0636666 3.09968
0.0637823 3.10365
0.063898 3.10763
0.0640139 3.1116
0.0641298 3.11558
0.0642459 3.11955
0.064362 3.12353
0.0644783 3.1275
0.0645946 3.13148
0.0647111 3.13545
0.0648276 3.13943
0.0649443 3.1434
0.065061 3.14738
0.0651779 3.15135
0.0652948 3.15533
0.0654119 3.1593
0.0655291 3.16328
0.0656463 3.16725
0.0657637 3.17123
0.0658812 3.1752
0.0659987 3.17918
0.0661164 3.18316
0.0662342 3.18713
0.0663521 3.19111
0.06647 3.19508
0.0665881 3.19906
0.0667063 3.20304
0.0668246 3.20701
0.066943 3.21099
0.0670615 3.21496
0.06718 3.21894
0.0672987 3.22292
0.0674175 3.22689
0.0675364 3.23087
0.0676554 3.23485
0.0677745 3.23882
0.0678937 3.2428
0.068013 3.24678
0.0681324 3.25075
0.068252 3.25473
0.0683716 3.25871
0.0684913 3.26268
0.0686111 3.26666
0.068731 3.27064
0.068851 3.27461
0.0689712 3.27859
0.0690914 3.28257
0.0692117 3.28655
0.0693322 3.29052
0.0694527 3.2945
0.0695733 3.29848
0.0696941 3.30246
0.0698149 3.30643
0.0699359 3.31041
0.0700569 3.31439
0.0701781 3.31837
0.0702993 3.32234
0.0704207 3.32632
0.0705422 3.3303
0.0706637 3.33428
0.0707854 3.33825
0.0709072 3.34223
0.071029 3.34621
0.071151 3.35019
0.0712731 3.35417
0.0713953 3.35814
0.0715176 3.36212
0.07164 3.3661
0.0717625 3.37008
0.0718851 3.37406
0.0720078 3.37804
0.0721306 3.38201
0.0722535 3.38599
0.0723765 3.38997
0.0724996 3.39395
0.0726228 3.39793
0.0727461 3.40191
0.0728696 3.40589
0.0729931 3.40986
0.0731167 3.41384
0.0732405 3.41782
0.0733643 3.4218
0.0734883 3.42578
0.0736123 3.42976
0.0737365 3.43374
0.0738607 3.43772
0.0739851 3.4417
0.0741095 3.44568
0.0742341 3.44965
0.0743588 3.45363
0.0744836 3.45761
0.0746085 3.46159
0.0747334 3.46557
0.0748585 3.46955
0.0749837 3.47353
0.075109 3.47751
0.0752344 3.48149
0.0753599 3.48547
0.0754856 3.48945
0.0756113 3.49343
0.0757371 3.49741
0.075863 3.50139
0.0759891 3.50537
0.0761152 3.50935
0.0762414 3.51333
0.0763678 3.51731
0.0764942 3.52129
0.0766208 3.52527
0.0767475 3.52925
0.0768742 3.53323
0.0770011 3.53721
0.0771281 3.54119
0.0772552 3.54517
0.0773824 3.54915
0.0775096 3.55313
0.077637 3.55711
0.0777646 3.56109
0.0778922 3.56507
0.0780199 3.56905
0.0781477 3.57303
0.0782756 3.57701
0.0784037 3.58099
0.0785318 3.58497
0.07866 3.58895
0.0787884 3.59293
0.0789168 3.59691
0.0790454 3.60089
0.0791741 3.60487
0.0793028 3.60885
0.0794317 3.61283
0.0795607 3.61681
0.0796898 3.6208
0.079819 3.62478
0.0799483 3.62876
0.0800777 3.63274
0.0802072 3.63672
0.0803368 3.6407
0.0804665 3.64468
0.0805964 3.64866
0.0807263 3.65264
0.0808564 3.65662
0.0809865 3.6606
0.0811168 3.66459
0.0812471 3.66857
0.0813776 3.67255
0.0815082 3.67653
0.0816389 3.68051
0.0817697 3.68449
0.0819006 3.68847
0.0820316 3.69245
0.0821627 3.69644
0.0822939 3.70042
0.0824252 3.7044
0.0825567 3.70838
0.0826882 3.71236
0.0828198 3.71634
0.0829516 3.72032
0.0830835 3.72431
0.0832154 3.72829
0.0833475 3.73227
0.0834797 3.73625
0.083612 3.74023
0.0837444 3.74421
0.0838769 3.74819
0.0840095 3.75218
0.0841422 3.75616
0.0842751 3.76014
0.084408 3.76412
0.084541 3.7681
0.0846742 3.77208
0.0848075 3.77607
0.0849408 3.78005
0.0850743 3.78403
0.0852079 3.78801
0.0853416 3.79199
0.0854754 3.79598
0.0856093 3.79996
0.0857433 3.80394
0.0858774 3.80792
0.0860117 3.8119
0.086146 3.81589
0.0862805 3.81987
0.086415 3.82385
0.0865497 3.82783
0.0866845 3.83181
0.0868194 3.8358
0.0869544 3.83978
0.0870895 3.84376
0.0872247 3.84774
0.08736 3.85172
0.0874954 3.85571
0.087631 3.85969
0.0877666 3.86367
0.0879024 3.86765
0.0880382 3.87163
0.0881742 3.87562
0.0883103 3.8796
0.0884465 3.88358
0.0885828 3.88756
0.0887192 3.89155
0.0888558 3.89553
0.0889924 3.89951
0.0891291 3.90349
0.089266 3.90747
0.089403 3.91146
0.08954 3.91544
0.0896772 3.91942
0.0898145 3.9234
0.0899519 3.92739
0.0900894 3.93137
0.0902271 3.93535
0.0903648 3.93933
0.0905026 3.94332
0.0906406 3.9473
0.0907787 3.95128
0.0909168 3.95526
0.0910551 3.95925
0.0911935 3.96323
0.091332 3.96721
0.0914706 3.97119
0.0916094 3.97518
0.0917482 3.97916
0.0918872 3.98314
0.0920262 3.98712
0.0921654 3.99111
0.0923047 3.99509
0.0924441 3.99907
0.0925836 4.00305
0.0927232 4.00704
0.0928629 4.01102
0.0930028 4.015
0.0931427 4.01898
0.0932828 4.02297
0.093423 4.02695
0.0935633 4.03093
0.0937037 4.03491
0.0938442 4.0389
0.0939848 4.04288
0.0941255 4.04686
0.0942664 4.05084
0.0944073 4.05483
0.0945484 4.05881
0.0946896 4.06279
0.0948309 4.06677
0.0949723 4.07076
0.0951138 4.07474
0.0952555 4.07872
0.0953972 4.08271
0.0955391 4.08669
0.095681 4.09067
0.0958231 4.09465
0.0959653 4.09864
0.0961076 4.10262
0.0962501 4.1066
0.0963926 4.11058
0.0965352 4.11457
0.096678 4.11855
0.0968209 4.12253
0.0969639 4.12651
0.097107 4.1305
0.0972502 4.13448
0.0973935 4.13846
0.0975369 4.14244
0.0976805 4.14643
0.0978242 4.15041
0.097968 4.15439
0.0981119 4.15837
0.0982559 4.16236
0.0984 4.16634
0.0985442 4.17032
0.0986886 4.1743
0.0988331 4.17829
0.0989776 4.18227
0.0991223 4.18625
0.0992671 4.19023
0.0994121 4.19422
0.0995571 4.1982
0.0997023 4.20218
0.0998475 4.20616
0.0999929 4.21015
0.100138 4.21413
0.100284 4.21811
0.10043 4.22209
0.100576 4.22608
0.100722 4.23006
0.100868 4.23404
0.101014 4.23802
0.10116 4.24201
0.101307 4.24599
0.101453 4.24997
0.1016 4.25395
0.101746 4.25793
0.101893 4.26192
0.10204 4.2659
0.102187 4.26988
0.102335 4.27386
0.102482 4.27785
0.10263 4.28183
0.102777 4.28581
0.102925 4.28979
0.103073 4.29378
0.103221 4.29776
0.103369 4.30174
0.103517 4.30572
0.103665 4.3097
0.103813 4.31369
0.103962 4.31767
0.104111 4.32165
0.104259 4.32563
0.104408 4.32961
0.104557 4.3336
0.104706 4.33758
0.104855 4.34156
0.105005 4.34554
0.105154 4.34952
0.105304 4.35351
0.105453 4.35749
0.105603 4.36147
0.105753 4.36545
0.105903 4.36943
0.106053 4.37342
0.106204 4.3774
0.106354 4.38138
0.106505 4.38536
0.106655 4.38934
0.106806 4.39332
0.106957 4.39731
0.107108 4.40129
0.107259 4.40527
0.10741 4.40925
0.107561 4.41323
0.107713 4.41721
0.107864 4.4212
0.108016 4.42518
0.108168 4.42916
0.10832 4.43314
0.108472 4.43712
0.108624 4.4411
0.108776 4.44508
0.108929 4.44907
0.109081 4.45305
0.109234 4.45703
0.109387 4.46101
0.10954 4.46499
0.109693 4.46897
0.109846 4.47295
0.109999 4.47693
0.110152 4.48092
0.110306 4.4849
0.110459 4.48888
0.110613 4.49286
0.110767 4.49684
0.110921 4.50082
0.111075 4.5048
0.111229 4.50878
0.111384 4.51276
0.111538 4.51675
0.111693 4.52073
0.111847 4.52471
0.112002 4.52869
0.112157 4.53267
0.112312 4.53665
0.112467 4.54063
0.112623 4.54461
0.112778 4.54859
0.112933 4.55257
0.113089 4.55655
0.113245 4.56053
0.113401 4.56451
0.113557 4.56849
0.113713 4.57247
0.113869 4.57645
0.114026 4.58043
0.114182 4.58442
0.114339 4.5884
0.114496 4.59238
0.114652 4.59636
0.114809 4.60034
0.114967 4.60432
0.115124 4.6083
0.115281 4.61228
0.115439 4.61626
0.115596 4.62024
0.115754 4.62422
0.115912 4.6282
0.11607 4.63218
0.116228 4.63616
0.116386 4.64014
0.116545 4.64412
0.116703 4.64809
0.116862 4.65207
0.11702 4.65605
0.117179 4.66003
0.117338 4.66401
0.117497 4.66799
0.117657 4.67197
0.117816 4.67595
0.117975 4.67993
0.118135 4.68391
0.118295 4.68789
0.118455 4.69187
0.118614 4.69585
0.118775 4.69983
0.118935 4.70381
0.119095 4.70779
0.119256 4.71176
0.119416 4.71574
0.119577 4.71972
0.119738 4.7237
0.119899 4.72768
0.12006 4.73166
0.120221 4.73564
0.120382 4.73962
0.120544 4.74359
0.120706 4.74757
0.120867 4.75155
0.121029 4.75553
0.121191 4.75951
0.121353 4.76349
0.121515 4.76746
0.121678 4.77144
0.12184 4.77542
0.122003 4.7794
0.122166 4.78338
0.122328 4.78736
0.122491 4.79133
0.122655 4.79531
0.122818 4.79929
0.122981 4.80327
0.123145 4.80724
0.123308 4.81122
0.123472 4.8152
0.123636 4.81918
0.1238 4.82316
0.123964 4.82713
0.124128 4.83111
0.124293 4.83509
0.124457 4.83907
0.124622 4.84304
0.124787 4.84702
0.124952 4.851
0.125117 4.85497
0.125282 4.85895
0.125447 4.86293
0.125612 4.8669
0.125778 4.87088
0.125944 4.87486
0.12611 4.87884
0.126275 4.88281
0.126442 4.88679
0.126608 4.89077
0.126774 4.89474
0.12694 4.89872
0.127107 4.90269
0.127274 4.90667
0.127441 4.91065
0.127608 4.91462
0.127775 4.9186
0.127942 4.92258
0.128109 4.92655
0.128277 4.93053
0.128444 4.9345
0.128612 4.93848
0.12878 4.94245
0.128948 4.94643
0.129116 4.95041
0.129284 4.95438
0.129453 4.95836
0.129621 4.96233
0.12979 4.96631
0.129959 4.97028
0.130128 4.97426
0.130297 4.97823
0.130466 4.98221
0.130635 4.98618
0.130805 4.99016
0.130974 4.99413
0.131144 4.99811
0.131314 5.00208
0.131484 5.00606
0.131654 5.01003
0.131824 5.01401
0.131995 5.01798
0.132165 5.02196
0.132336 5.02593
0.132507 5.0299
0.132678 5.03388
0.132849 5.03785
0.13302 5.04183
0.133191 5.0458
0.133363 5.04977
0.133534 5.05375
0.133706 5.05772
0.133878 5.0617
0.13405 5.06567
0.134222 5.06964
0.134394 5.07362
0.134566 5.07759
0.134739 5.08156
0.134912 5.08554
0.135084 5.08951
0.135257 5.09348
0.13543 5.09745
0.135603 5.10143
0.135777 5.1054
0.13595 5.10937
0.136124 5.11335
0.136298 5.11732
0.136471 5.12129
0.136645 5.12526
0.13682 5.12924
0.136994 5.13321
0.137168 5.13718
0.137343 5.14115
0.137517 5.14512
0.137692 5.1491
0.137867 5.15307
0.138042 5.15704
0.138217 5.16101
0.138393 5.16498
0.138568 5.16895
0.138744 5.17293
0.13892 5.1769
0.139096 5.18087
0.139272 5.18484
0.139448 5.18881
0.139624 5.19278
0.139801 5.19675
0.139977 5.20072
0.140154 5.20469
0.140331 5.20866
0.140508 5.21263
0.140685 5.21661
0.140862 5.22058
0.141039 5.22455
0.141217 5.22852
0.141395 5.23249
0.141573 5.23646
0.14175 5.24043
0.141929 5.2444
0.142107 5.24837
0.142285 5.25234
0.142464 5.2563
0.142642 5.26027
0.142821 5.26424
0.143 5.26821
0.143179 5.27218
0.143358 5.27615
0.143538 5.28012
0.143717 5.28409
0.143897 5.28806
0.144077 5.29203
0.144256 5.296
0.144436 5.29996
0.144617 5.30393
0.144797 5.3079
0.144977 5.31187
0.145158 5.31584
0.145339 5.3198
0.14552 5.32377
0.145701 5.32774
0.145882 5.33171
0.146063 5.33568
0.146245 5.33964
0.146426 5.34361
0.146608 5.34758
0.14679 5.35155
0.146972 5.35551
0.147154 5.35948
0.147336 5.36345
0.147519 5.36741
0.147701 5.37138
0.147884 5.37535
0.148067 5.37931
0.14825 5.38328
0.148433 5.38725
0.148616 5.39121
0.1488 5.39518
0.148983 5.39914
0.149167 5.40311
0.149351 5.40708
0.149535 5.41104
0.149719 5.41501
0.149903 5.41897
0.150088 5.42294
0.150272 5.4269
0.150457 5.43087
0.150642 5.43483
0.150827 5.4388
0.151012 5.44276
0.151197 5.44673
0.151383 5.45069
0.151568 5.45466
0.151754 5.45862
0.15194 5.46259
0.152126 5.46655
0.152312 5.47051
0.152498 5.47448
0.152685 5.47844
0.152871 5.48241
0.153058 5.48637
0.153245 5.49033
0.153432 5.4943
0.153619 5.49826
0.153807 5.50222
0.153994 5.50619
0.154182 5.51015
0.154369 5.51411
0.154557 5.51807
0.154745 5.52204
0.154934 5.526
0.155122 5.52996
0.15531 5.53392
0.155499 5.53789
0.155688 5.54185
0.155877 5.54581
0.156066 5.54977
0.156255 5.55373
0.156444 5.5577
0.156634 5.56166
0.156824 5.56562
0.157013 5.56958
0.157203 5.57354
0.157393 5.5775
0.157584 5.58146
0.157774 5.58542
0.157965 5.58938
0.158155 5.59334
0.158346 5.5973
0.158537 5.60126
0.158728 5.60522
0.158919 5.60918
0.159111 5.61314
0.159302 5.6171
0.159494 5.62106
0.159686 5.62502
0.159878 5.62898
0.16007 5.63294
0.160263 5.6369
0.160455 5.64086
0.160648 5.64482
0.16084 5.64878
0.161033 5.65273
0.161226 5.65669
0.16142 5.66065
0.161613 5.66461
0.161807 5.66857
0.162 5.67253
0.162194 5.67648
0.162388 5.68044
0.162582 5.6844
0.162776 5.68836
0.162971 5.69231
0.163165 5.69627
0.16336 5.70023
0.163555 5.70418
0.16375 5.70814
0.163945 5.7121
0.164141 5.71605
0.164336 5.72001
0.164532 5.72397
0.164727 5.72792
0.164923 5.73188
0.16512 5.73583
0.165316 5.73979
0.165512 5.74375
0.165709 5.7477
0.165905 5.75166
0.166102 5.75561
0.166299 5.75957
0.166496 5.76352
0.166694 5.76748
0.166891 5.77143
0.167089 5.77538
0.167287 5.77934
0.167484 5.78329
0.167683 5.78725
0.167881 5.7912
0.168079 5.79515
0.168278 5.79911
0.168476 5.80306
0.168675 5.80701
0.168874 5.81097
0.169073 5.81492
0.169273 5.81887
0.169472 5.82283
0.169672 5.82678
0.169872 5.83073
0.170071 5.83468
0.170272 5.83864
0.170472 5.84259
0.170672 5.84654
0.170873 5.85049
0.171073 5.85444
0.171274 5.85839
0.171475 5.86234
0.171676 5.8663
0.171878 5.87025
0.172079 5.8742
0.172281 5.87815
0.172483 5.8821
0.172685 5.88605
0.172887 5.89
0.173089 5.89395
0.173291 5.8979
0.173494 5.90185
0.173697 5.9058
0.1739 5.90975
0.174103 5.9137
0.174306 5.91765
0.174509 5.92159
0.174713 5.92554
0.174916 5.92949
0.17512 5.93344
0.175324 5.93739
0.175528 5.94134
0.175733 5.94528
0.175937 5.94923
0.176142 5.95318
0.176347 5.95713
0.176552 5.96108
0.176757 5.96502
0.176962 5.96897
0.177167 5.97292
0.177373 5.97686
0.177579 5.98081
0.177785 5.98476
0.177991 5.9887
0.178197 5.99265
0.178403 5.99659
0.17861 6.00054
0.178816 6.00449
0.179023 6.00843
0.17923 6.01238
0.179438 6.01632
0.179645 6.02027
0.179852 6.02421
0.18006 6.02816
0.180268 6.0321
0.180476 6.03604
0.180684 6.03999
0.180892 6.04393
0.181101 6.04788
0.181309 6.05182
0.181518 6.05576
0.181727 6.05971
0.181936 6.06365
0.182145 6.06759
0.182355 6.07154
0.182564 6.07548
0.182774 6.07942
0.182984 6.08336
0.183194 6.0873
0.183404 6.09125
0.183615 6.09519
0.183825 6.09913
0.184036 6.10307
0.184247 6.10701
0.184458 6.11095
0.184669 6.11489
0.184881 6.11883
0.185092 6.12278
0.185304 6.12672
0.185516 6.13066
0.185728 6.1346
0.18594 6.13854
0.186152 6.14247
0.186365 6.14641
0.186578 6.15035
0.18679 6.15429
0.187004 6.15823
0.187217 6.16217
0.18743 6.16611
0.187644 6.17005
0.187857 6.17399
0.188071 6.17792
0.188285 6.18186
0.188499 6.1858
0.188714 6.18974
0.188928 6.19367
0.189143 6.19761
0.189358 6.20155
0.189573 6.20548
0.189788 6.20942
0.190003 6.21336
0.190219 6.21729
0.190434 6.22123
0.19065 6.22517
0.190866 6.2291
0.191082 6.23304
0.191299 6.23697
0.191515 6.24091
0.191732 6.24484
0.191949 6.24878
0.192166 6.25271
0.192383 6.25664
0.1926 6.26058
0.192818 6.26451
0.193035 6.26845
0.193253 6.27238
0.193471 6.27631
0.193689 6.28025
0.193908 6.28418
0.194126 6.28811
0.194345 6.29204
0.194564 6.29598
0.194783 6.29991
0.195002 6.30384
0.195221 6.30777
0.195441 6.3117
0.195661 6.31564
0.19588 6.31957
0.1961 6.3235
0.196321 6.32743
0.196541 6.33136
0.196762 6.33529
0.196982 6.33922
0.197203 6.34315
0.197424 6.34708
0.197645 6.35101
0.197867 6.35494
0.198088 6.35887
0.19831 6.3628
0.198532 6.36673
0.198754 6.37065
0.198976 6.37458
0.199199 6.37851
0.199421 6.38244
0.199644 6.38637
0.199867 6.39029
0.20009 6.39422
0.200313 6.39815
0.200537 6.40208
0.20076 6.406
0.200984 6.40993
0.201208 6.41386
0.201432 6.41778
0.201657 6.42171
0.201881 6.42563
0.202106 6.42956
0.202331 6.43348
0.202556 6.43741
0.202781 6.44133
0.203006 6.44526
0.203232 6.44918
0.203457 6.45311
0.203683 6.45703
0.203909 6.46096
0.204135 6.46488
0.204362 6.4688
0.204588 6.47273
0.204815 6.47665
0.205042 6.48057
0.205269 6.48449
0.205496 6.48842
0.205724 6.49234
0.205951 6.49626
0.206179 6.50018
0.206407 6.5041
0.206635 6.50802
0.206863 6.51195
0.207092 6.51587
0.207321 6.51979
0.207549 6.52371
0.207778 6.52763
0.208008 6.53155
0.208237 6.53547
0.208466 6.53939
0.208696 6.54331
0.208926 6.54722
0.209156 6.55114
0.209386 6.55506
0.209617 6.55898
0.209847 6.5629
0.210078 6.56682
0.210309 6.57073
0.21054 6.57465
0.210771 6.57857
0.211003 6.58249
0.211235 6.5864
0.211466 6.59032
0.211698 6.59424
0.211931 6.59815
0.212163 6.60207
0.212395 6.60598
0.212628 6.6099
0.212861 6.61381
0.213094 6.61773
0.213327 6.62164
0.213561 6.62556
0.213794 6.62947
0.214028 6.63339
0.214262 6.6373
0.214496 6.64121
0.214731 6.64513
0.214965 6.64904
0.2152 6.65295
0.215435 6.65687
0.21567 6.66078
0.215905 6.66469
0.21614 6.6686
0.216376 6.67251
0.216612 6.67643
0.216847 6.68034
0.217084 6.68425
0.21732 6.68816
0.217556 6.69207
0.217793 6.69598
0.21803 6.69989
0.218267 6.7038
0.218504 6.70771
0.218741 6.71162
0.218979 6.71553
0.219217 6.71944
0.219455 6.72335
0.219693 6.72725
0.219931 6.73116
0.220169 6.73507
0.220408 6.73898
0.220647 6.74288
0.220886 6.74679
0.221125 6.7507
0.221365 6.75461
0.221604 6.75851
0.221844 6.76242
0.222084 6.76632
0.222324 6.77023
0.222564 6.77414
0.222805 6.77804
0.223045 6.78195
0.223286 6.78585
0.223527 6.78975
0.223768 6.79366
0.22401 6.79756
0.224251 6.80147
0.224493 6.80537
0.224735 6.80927
0.224977 6.81318
0.225219 6.81708
0.225462 6.82098
0.225705 6.82488
0.225947 6.82878
0.22619 6.83269
0.226434 6.83659
0.226677 6.84049
0.226921 6.84439
0.227164 6.84829
0.227408 6.85219
0.227653 6.85609
0.227897 6.85999
0.228141 6.86389
0.228386 6.86779
0.228631 6.87169
0.228876 6.87559
0.229121 6.87949
0.229367 6.88339
0.229612 6.88728
0.229858 6.89118
0.230104 6.89508
0.23035 6.89898
0.230597 6.90287
0.230843 6.90677
0.23109 6.91067
0.231337 6.91456
0.231584 6.91846
0.231831 6.92235
0.232079 6.92625
0.232327 6.93014
0.232574 6.93404
0.232823 6.93793
0.233071 6.94183
0.233319 6.94572
0.233568 6.94962
0.233817 6.95351
0.234066 6.9574
0.234315 6.9613
0.234564 6.96519
0.234814 6.96908
0.235064 6.97297
0.235313 6.97687
0.235564 6.98076
0.235814 6.98465
0.236064 6.98854
0.236315 6.99243
0.236566 6.99632
0.236817 7.00021
0.237068 7.0041
0.23732 7.00799
0.237571 7.01188
0.237823 7.01577
0.238075 7.01966
0.238327 7.02355
0.23858 7.02744
0.238832 7.03132
0.239085 7.03521
0.239338 7.0391
0.239591 7.04299
0.239845 7.04687
0.240098 7.05076
0.240352 7.05465
0.240606 7.05853
0.24086 7.06242
0.241114 7.0663
0.241369 7.07019
0.241623 7.07408
0.241878 7.07796
0.242133 7.08184
0.242389 7.08573
0.242644 7.08961
0.2429 7.0935
0.243156 7.09738
0.243412 7.10126
0.243668 7.10515
0.243924 7.10903
0.244181 7.11291
0.244438 7.11679
0.244695 7.12067
0.244952 7.12455
0.245209 7.12844
0.245467 7.13232
0.245725 7.1362
0.245983 7.14008
0.246241 7.14396
0.246499 7.14784
0.246758 7.15172
0.247016 7.15559
0.247275 7.15947
0.247534 7.16335
0.247794 7.16723
0.248053 7.17111
0.248313 7.17499
0.248573 7.17886
0.248833 7.18274
0.249093 7.18662
0.249354 7.19049
0.249614 7.19437
0.249875 7.19824
0.250136 7.20212
0.250397 7.20599
0.250659 7.20987
0.25092 7.21374
0.251182 7.21762
0.251444 7.22149
0.251707 7.22537
0.251969 7.22924
0.252232 7.23311
0.252494 7.23699
0.252757 7.24086
0.253021 7.24473
0.253284 7.2486
0.253548 7.25247
0.253811 7.25634
0.254075 7.26022
0.25434 7.26409
0.254604 7.26796
0.254869 7.27183
0.255133 7.2757
0.255398 7.27957
0.255664 7.28343
0.255929 7.2873
0.256194 7.29117
0.25646 7.29504
0.256726 7.29891
0.256992 7.30278
0.257259 7.30664
0.257525 7.31051
0.257792 7.31438
0.258059 7.31824
0.258326 7.32211
0.258593 7.32597
0.258861 7.32984
0.259129 7.3337
0.259397 7.33757
0.259665 7.34143
0.259933 7.3453
0.260202 7.34916
0.26047 7.35303
0.260739 7.35689
0.261008 7.36075
0.261278 7.36461
0.261547 7.36848
0.261817 7.37234
0.262087 7.3762
0.262357 7.38006
0.262627 7.38392
0.262898 7.38778
0.263169 7.39164
0.26344 7.3955
0.263711 7.39936
0.263982 7.40322
0.264254 7.40708
0.264525 7.41094
0.264797 7.4148
0.265069 7.41866
0.265342 7.42251
0.265614 7.42637
0.265887 7.43023
0.26616 7.43409
0.266433 7.43794
0.266706 7.4418
0.26698 7.44565
0.267254 7.44951
0.267528 7.45336
0.267802 7.45722
0.268076 7.46107
0.268351 7.46493
0.268625 7.46878
0.2689 7.47264
0.269176 7.47649
0.269451 7.48034
0.269726 7.48419
0.270002 7.48805
0.270278 7.4919
0.270554 7.49575
0.270831 7.4996
0.271107 7.50345
0.271384 7.5073
0.271661 7.51115
0.271938 7.515
0.272216 7.51885
0.272493 7.5227
0.272771 7.52655
0.273049 7.5304
0.273327 7.53425
0.273605 7.53809
0.273884 7.54194
0.274163 7.54579
0.274442 7.54964
0.274721 7.55348
0.275001 7.55733
0.27528 7.56117
0.27556 7.56502
0.27584 7.56886
0.27612 7.57271
0.276401 7.57655
0.276681 7.5804
0.276962 7.58424
0.277243 7.58808
0.277524 7.59193
0.277806 7.59577
0.278088 7.59961
0.278369 7.60345
0.278652 7.6073
0.278934 7.61114
0.279216 7.61498
0.279499 7.61882
0.279782 7.62266
0.280065 7.6265
0.280348 7.63034
0.280632 7.63418
0.280916 7.63802
0.281199 7.64186
0.281484 7.64569
0.281768 7.64953
0.282052 7.65337
0.282337 7.65721
0.282622 7.66104
0.282907 7.66488
0.283193 7.66872
0.283478 7.67255
0.283764 7.67639
0.28405 7.68022
0.284336 7.68406
0.284623 7.68789
0.284909 7.69173
0.285196 7.69556
0.285483 7.69939
0.28577 7.70323
0.286058 7.70706
0.286346 7.71089
0.286633 7.71472
0.286921 7.71855
0.28721 7.72238
0.287498 7.72622
0.287787 7.73005
0.288076 7.73388
0.288365 7.73771
0.288654 7.74153
0.288944 7.74536
0.289234 7.74919
0.289523 7.75302
0.289814 7.75685
0.290104 7.76068
0.290395 7.7645
0.290685 7.76833
0.290976 7.77216
0.291268 7.77598
0.291559 7.77981
0.291851 7.78363
0.292142 7.78746
0.292434 7.79128
0.292727 7.79511
0.293019 7.79893
0.293312 7.80275
0.293605 7.80658
0.293898 7.8104
0.294191 7.81422
0.294485 7.81804
0.294778 7.82187
0.295072 7.82569
0.295366 7.82951
0.295661 7.83333
0.295955 7.83715
0.29625 7.84097
0.296545 7.84479
0.29684 7.84861
0.297136 7.85243
0.297431 7.85624
0.297727 7.86006
0.298023 7.86388
0.298319 7.8677
0.298616 7.87151
0.298913 7.87533
0.299209 7.87915
0.299507 7.88296
0.299804 7.88678
0.300101 7.89059
0.300399 7.89441
0.300697 7.89822
0.300995 7.90203
0.301294 7.90585
0.301592 7.90966
0.301891 7.91347
0.30219 7.91729
0.302489 7.9211
0.302789 7.92491
0.303088 7.92872
0.303388 7.93253
0.303688 7.93634
0.303988 7.94015
0.304289 7.94396
0.30459 7.94777
0.304891 7.95158
0.305192 7.95539
0.305493 7.9592
0.305795 7.963
0.306096 7.96681
0.306398 7.97062
0.306701 7.97442
0.307003 7.97823
0.307306 7.98204
0.307609 7.98584
0.307912 7.98965
0.308215 7.99345
0.308518 7.99725
0.308822 8.00106
0.309126 8.00486
0.30943 8.00866
0.309734 8.01247
0.310039 8.01627
0.310344 8.02007
0.310649 8.02387
0.310954 8.02767
0.311259 8.03147
0.311565 8.03527
0.311871 8.03907
0.312177 8.04287
0.312483 8.04667
0.31279 8.05047
0.313097 8.05427
0.313403 8.05807
0.313711 8.06186
0.314018 8.06566
0.314326 8.06946
0.314633 8.07325
0.314941 8.07705
0.31525 8.08085
0.315558 8.08464
0.315867 8.08844
0.316176 8.09223
0.316485 8.09602
0.316794 8.09982
0.317103 8.10361
0.317413 8.1074
0.317723 8.1112
0.318033 8.11499
0.318344 8.11878
0.318654 8.12257
0.318965 8.12636
0.319276 8.13015
0.319587 8.13394
0.319899 8.13773
0.320211 8.14152
0.320523 8.14531
0.320835 8.1491
0.321147 8.15288
0.32146 8.15667
0.321772 8.16046
0.322085 8.16424
0.322399 8.16803
0.322712 8.17182
0.323026 8.1756
0.32334 8.17939
0.323654 8.18317
0.323968 8.18696
0.324282 8.19074
0.324597 8.19452
0.324912 8.19831
0.325227 8.20209
0.325543 8.20587
0.325858 8.20965
0.326174 8.21343
0.32649 8.21721
0.326806 8.22099
0.327123 8.22477
0.32744 8.22855
0.327757 8.23233
0.328074 8.23611
0.328391 8.23989
0.328709 8.24367
0.329027 8.24745
0.329345 8.25122
0.329663 8.255
0.329981 8.25878
0.3303 8.26255
0.330619 8.26633
0.330938 8.2701
0.331257 8.27388
0.331577 8.27765
0.331897 8.28142
0.332217 8.2852
0.332537 8.28897
0.332857 8.29274
0.333178 8.29651
0.333499 8.30029
0.33382 8.30406
0.334141 8.30783
0.334463 8.3116
0.334785 8.31537
0.335107 8.31914
0.335429 8.32291
0.335751 8.32668
0.336074 8.33044
0.336397 8.33421
0.33672 8.33798
0.337043 8.34175
0.337367 8.34551
0.337691 8.34928
0.338014 8.35304
0.338339 8.35681
0.338663 8.36057
0.338988 8.36434
0.339313 8.3681
0.339638 8.37187
0.339963 8.37563
0.340289 8.37939
0.340614 8.38315
0.34094 8.38692
0.341266 8.39068
0.341593 8.39444
0.34192 8.3982
0.342246 8.40196
0.342573 8.40572
0.342901 8.40948
0.343228 8.41324
0.343556 8.41699
0.343884 8.42075
0.344212 8.42451
0.344541 8.42827
0.344869 8.43202
0.345198 8.43578
0.345527 8.43953
0.345857 8.44329
0.346186 8.44705
0.346516 8.4508
0.346846 8.45455
0.347176 8.45831
0.347506 8.46206
0.347837 8.46581
0.348168 8.46956
0.348499 8.47332
0.34883 8.47707
0.349162 8.48082
0.349494 8.48457
0.349826 8.48832
0.350158 8.49207
0.35049 8.49582
0.350823 8.49957
0.351156 8.50331
0.351489 8.50706
0.351822 8.51081
0.352156 8.51456
0.35249 8.5183
0.352824 8.52205
0.353158 8.52579
0.353492 8.52954
0.353827 8.53328
0.354162 8.53703
0.354497 8.54077
0.354832 8.54452
0.355168 8.54826
0.355504 8.552
0.35584 8.55574
0.356176 8.55948
0.356513 8.56323
0.356849 8.56697
0.357186 8.57071
0.357523 8.57445
0.357861 8.57819
0.358198 8.58192
0.358536 8.58566
0.358874 8.5894
0.359213 8.59314
0.359551 8.59688
0.35989 8.60061
0.360229 8.60435
0.360568 8.60808
0.360907 8.61182
0.361247 8.61555
0.361587 8.61929
0.361927 8.62302
0.362267 8.62675
0.362608 8.63049
0.362949 8.63422
0.36329 8.63795
0.363631 8.64168
0.363972 8.64542
0.364314 8.64915
0.364656 8.65288
0.364998 8.65661
0.36534 8.66034
0.365683 8.66406
0.366026 8.66779
0.366369 8.67152
0.366712 8.67525
0.367055 8.67897
0.367399 8.6827
0.367743 8.68643
0.368087 8.69015
0.368432 8.69388
0.368776 8.6976
0.369121 8.70133
0.369466 8.70505
0.369811 8.70877
0.370157 8.7125
0.370503 8.71622
0.370849 8.71994
0.371195 8.72366
0.371541 8.72738
0.371888 8.7311
0.372235 8.73482
0.372582 8.73854
0.372929 8.74226
0.373277 8.74598
0.373625 8.7497
0.373973 8.75342
0.374321 8.75713
0.37467 8.76085
0.375018 8.76457
0.375367 8.76828
0.375716 8.772
0.376066 8.77571
0.376416 8.77943
0.376765 8.78314
0.377115 8.78686
0.377466 8.79057
0.377816 8.79428
0.378167 8.79799
0.378518 8.80171
0.378869 8.80542
0.379221 8.80913
0.379573 8.81284
0.379924 8.81655
0.380277 8.82026
0.380629 8.82397
0.380982 8.82767
0.381334 8.83138
0.381687 8.83509
0.382041 8.8388
0.382394 8.8425
0.382748 8.84621
0.383102 8.84991
0.383456 8.85362
0.383811 8.85732
0.384165 8.86103
0.38452 8.86473
0.384875 8.86843
0.385231 8.87214
0.385586 8.87584
0.385942 8.87954
0.386298 8.88324
0.386655 8.88694
0.387011 8.89064
0.387368 8.89434
0.387725 8.89804
0.388082 8.90174
0.388439 8.90544
0.388797 8.90914
0.389155 8.91284
0.389513 8.91653
0.389871 8.92023
0.39023 8.92392
0.390589 8.92762
0.390948 8.93132
0.391307 8.93501
0.391667 8.9387
0.392026 8.9424
0.392386 8.94609
0.392747 8.94978
0.393107 8.95348
0.393468 8.95717
0.393829 8.96086
0.39419 8.96455
0.394551 8.96824
0.394913 8.97193
0.395274 8.97562
0.395637 8.97931
0.395999 8.98299
0.396361 8.98668
0.396724 8.99037
0.397087 8.99406
0.39745 8.99774
0.397814 9.00143
0.398177 9.00511
0.398541 9.0088
0.398905 9.01248
0.39927 9.01617
0.399634 9.01985
0.399999 9.02353
0.400364 9.02722
0.40073 9.0309
0.401095 9.03458
0.401461 9.03826
0.401827 9.04194
0.402193 9.04562
0.40256 9.0493
0.402926 9.05298
0.403293 9.05666
0.40366 9.06034
0.404028 9.06401
0.404395 9.06769
0.404763 9.07137
0.405131 9.07504
0.4055 9.07872
0.405868 9.08239
0.406237 9.08607
0.406606 9.08974
0.406975 9.09342
0.407345 9.09709
0.407714 9.10076
0.408084 9.10443
0.408455 9.10811
0.408825 9.11178
0.409196 9.11545
0.409567 9.11912
0.409938 9.12279
0.410309 9.12646
0.410681 9.13013
0.411052 9.13379
0.411424 9.13746
0.411797 9.14113
0.412169 9.1448
0.412542 9.14846
0.412915 9.15213
0.413288 9.15579
0.413662 9.15946
0.414035 9.16312
0.414409 9.16679
0.414783 9.17045
0.415158 9.17411
0.415532 9.17777
0.415907 9.18144
0.416282 9.1851
0.416658 9.18876
0.417033 9.19242
0.417409 9.19608
0.417785 9.19974
0.418161 9.2034
0.418538 9.20705
0.418915 9.21071
0.419292 9.21437
0.419669 9.21803
0.420046 9.22168
0.420424 9.22534
0.420802 9.22899
0.42118 9.23265
0.421558 9.2363
0.421937 9.23996
0.422316 9.24361
0.422695 9.24726
0.423074 9.25091
0.423454 9.25457
0.423834 9.25822
0.424214 9.26187
0.424594 9.26552
0.424974 9.26917
0.425355 9.27282
0.425736 9.27647
0.426117 9.28011
0.426499 9.28376
0.42688 9.28741
0.427262 9.29106
0.427644 9.2947
0.428027 9.29835
0.428409 9.30199
0.428792 9.30564
0.429175 9.30928
0.429559 9.31293
0.429942 9.31657
0.430326 9.32021
0.43071 9.32385
0.431094 9.3275
0.431479 9.33114
0.431864 9.33478
0.432249 9.33842
0.432634 9.34206
0.433019 9.3457
0.433405 9.34934
0.433791 9.35297
0.434177 9.35661
0.434564 9.36025
0.43495 9.36388
0.435337 9.36752
0.435724 9.37116
0.436112 9.37479
0.436499 9.37843
0.436887 9.38206
0.437275 9.38569
0.437663 9.38933
0.438052 9.39296
0.438441 9.39659
0.43883 9.40022
0.439219 9.40385
0.439608 9.40748
0.439998 9.41111
0.440388 9.41474
0.440778 9.41837
0.441169 9.422
0.441559 9.42563
0.44195 9.42926
0.442342 9.43288
0.442733 9.43651
0.443125 9.44014
0.443516 9.44376
0.443909 9.44739
0.444301 9.45101
0.444693 9.45464
0.445086 9.45826
0.445479 9.46188
0.445873 9.4655
0.446266 9.46913
0.44666 9.47275
0.447054 9.47637
0.447448 9.47999
0.447843 9.48361
0.448237 9.48723
0.448632 9.49085
0.449028 9.49446
0.449423 9.49808
0.449819 9.5017
0.450215 9.50532
0.450611 9.50893
0.451007 9.51255
0.451404 9.51616
0.451801 9.51978
0.452198 9.52339
0.452595 9.52701
0.452993 9.53062
0.453391 9.53423
0.453789 9.53784
0.454187 9.54146
0.454586 9.54507
0.454985 9.54868
0.455384 9.55229
0.455783 9.5559
0.456182 9.55951
0.456582 9.56311
0.456982 9.56672
0.457382 9.57033
0.457783 9.57394
0.458184 9.57754
0.458585 9.58115
0.458986 9.58475
0.459387 9.58836
0.459789 9.59196
0.460191 9.59557
0.460593 9.59917
0.460995 9.60277
0.461398 9.60638
0.461801 9.60998
0.462204 9.61358
0.462607 9.61718
0.463011 9.62078
0.463415 9.62438
0.463819 9.62798
0.464223 9.63158
0.464628 9.63518
0.465033 9.63877
0.465438 9.64237
0.465843 9.64597
0.466249 9.64956
0.466654 9.65316
0.46706 9.65676
0.467467 9.66035
0.467873 9.66394
0.46828 9.66754
0.468687 9.67113
0.469094 9.67472
0.469502 9.67831
0.469909 9.68191
0.470317 9.6855
0.470726 9.68909
0.471134 9.69268
0.471543 9.69627
0.471952 9.69986
0.472361 9.70344
0.47277 9.70703
0.47318 9.71062
0.47359 9.71421
0.474 9.71779
0.47441 9.72138
0.474821 9.72496
0.475232 9.72855
0.475643 9.73213
0.476054 9.73572
0.476466 9.7393
0.476878 9.74288
0.47729 9.74646
0.477702 9.75005
0.478115 9.75363
0.478528 9.75721
0.478941 9.76079
0.479354 9.76437
0.479768 9.76795
0.480181 9.77153
0.480595 9.7751
0.48101 9.77868
0.481424 9.78226
0.481839 9.78583
0.482254 9.78941
0.482669 9.79299
0.483085 9.79656
0.483501 9.80013
0.483917 9.80371
0.484333 9.80728
0.484749 9.81085
0.485166 9.81443
0.485583 9.818
0.486 9.82157
0.486418 9.82514
0.486835 9.82871
0.487253 9.83228
0.487672 9.83585
0.48809 9.83942
0.488509 9.84299
0.488928 9.84655
0.489347 9.85012
0.489766 9.85369
0.490186 9.85725
0.490606 9.86082
0.491026 9.86438
0.491446 9.86795
0.491867 9.87151
0.492288 9.87508
0.492709 9.87864
0.493131 9.8822
0.493552 9.88576
0.493974 9.88933
0.494396 9.89289
0.494819 9.89645
0.495241 9.90001
0.495664 9.90357
0.496087 9.90712
0.496511 9.91068
0.496934 9.91424
0.497358 9.9178
0.497782 9.92135
0.498207 9.92491
0.498631 9.92847
0.499056 9.93202
0.499481 9.93558
0.499907 9.93913
0.500332 9.94268
0.500758 9.94624
0.501184 9.94979
0.50161 9.95334
0.502037 9.95689
0.502464 9.96044
0.502891 9.96399
0.503318 9.96754
0.503746 9.97109
0.504174 9.97464
0.504602 9.97819
0.50503 9.98174
0.505459 9.98529
0.505887 9.98883
0.506317 9.99238
0.506746 9.99593
0.507175 9.99947
0.507605 10.003
0.508035 10.0066
0.508466 10.0101
0.508896 10.0136
0.509327 10.0172
0.509758 10.0207
0.510189 10.0243
0.510621 10.0278
0.511053 10.0314
0.511485 10.0349
0.511917 10.0384
0.51235 10.042
0.512783 10.0455
0.513216 10.049
0.513649 10.0526
0.514083 10.0561
0.514516 10.0597
0.51495 10.0632
0.515385 10.0667
0.515819 10.0703
0.516254 10.0738
0.516689 10.0773
0.517125 10.0809
0.51756 10.0844
0.517996 10.0879
0.518432 10.0915
0.518868 10.095
0.519305 10.0985
0.519742 10.1021
0.520179 10.1056
0.520616 10.1091
0.521054 10.1126
0.521492 10.1162
0.52193 10.1197
0.522368 10.1232
0.522807 10.1268
0.523246 10.1303
0.523685 10.1338
0.524124 10.1373
0.524564 10.1409
0.525004 10.1444
0.525444 10.1479
0.525884 10.1514
0.526325 10.1549
0.526765 10.1585
0.527207 10.162
0.527648 10.1655
0.52809 10.169
0.528532 10.1726
0.528974 10.1761
0.529416 10.1796
0.529859 10.1831
0.530302 10.1866
0.530745 10.1901
0.531188 10.1937
0.531632 10.1972
0.532076 10.2007
0.53252 10.2042
0.532964 10.2077
0.533409 10.2112
0.533854 10.2148
0.534299 10.2183
0.534745 10.2218
0.53519 10.2253
0.535636 10.2288
0.536083 10.2323
0.536529 10.2358
0.536976 10.2393
0.537423 10.2428
0.53787 10.2464
0.538318 10.2499
0.538765 10.2534
0.539213 10.2569
0.539662 10.2604
0.54011 10.2639
0.540559 10.2674
0.541008 10.2709
0.541457 10.2744
0.541907 10.2779
0.542357 10.2814
0.542807 10.2849
0.543257 10.2884
0.543708 10.2919
0.544158 10.2954
0.54461 10.2989
0.545061 10.3024
0.545513 10.3059
0.545964 10.3094
0.546417 10.3129
0.546869 10.3164
0.547322 10.3199
0.547774 10.3234
0.548228 10.3269
0.548681 10.3304
0.549135 10.3339
0.549589 10.3374
0.550043 10.3409
0.550497 10.3444
0.550952 10.3479
0.551407 10.3514
0.551862 10.3549
0.552318 10.3584
0.552774 10.3619
0.55323 10.3654
0.553686 10.3688
0.554142 10.3723
0.554599 10.3758
0.555056 10.3793
0.555514 10.3828
0.555971 10.3863
0.556429 10.3898
0.556887 10.3933
0.557345 10.3968
0.557804 10.4002
0.558263 10.4037
0.558722 10.4072
0.559181 10.4107
0.559641 10.4142
0.560101 10.4177
0.560561 10.4211
0.561022 10.4246
0.561482 10.4281
0.561943 10.4316
0.562405 10.4351
0.562866 10.4386
0.563328 10.442
0.56379 10.4455
0.564252 10.449
0.564715 10.4525
0.565178 10.456
0.565641 10.4594
0.566104 10.4629
0.566568 10.4664
0.567032 10.4699
0.567496 10.4733
0.56796 10.4768
0.568425 10.4803
0.56889 10.4838
0.569355 10.4872
0.56982 10.4907
0.570286 10.4942
0.570752 10.4977
0.571218 10.5011
0.571685 10.5046
0.572152 10.5081
0.572619 10.5115
0.573086 10.515
0.573554 10.5185
0.574021 10.5219
0.57449 10.5254
0.574958 10.5289
0.575427 10.5323
0.575896 10.5358
0.576365 10.5393
0.576834 10.5427
0.577304 10.5462
0.577774 10.5497
0.578244 10.5531
0.578715 10.5566
0.579185 10.5601
0.579656 10.5635
0.580128 10.567
0.580599 10.5705
0.581071 10.5739
0.581543 10.5774
0.582016 10.5808
0.582488 10.5843
0.582961 10.5878
0.583434 10.5912
0.583908 10.5947
0.584382 10.5981
0.584856 10.6016
0.58533 10.605
0.585804 10.6085
0.586279 10.6119
0.586754 10.6154
0.58723 10.6189
0.587705 10.6223
0.588181 10.6258
0.588657 10.6292
0.589134 10.6327
0.58961 10.6361
0.590087 10.6396
0.590565 10.643
0.591042 10.6465
0.59152 10.6499
0.591998 10.6534
0.592476 10.6568
0.592955 10.6603
0.593434 10.6637
0.593913 10.6672
0.594392 10.6706
0.594872 10.6741
0.595352 10.6775
0.595832 10.681
0.596313 10.6844
0.596794 10.6878
0.597275 10.6913
0.597756 10.6947
0.598237 10.6982
0.598719 10.7016
0.599201 10.7051
0.599684 10.7085
0.600167 10.7119
0.60065 10.7154
0.601133 10.7188
0.601616 10.7223
0.6021 10.7257
0.602584 10.7291
0.603068 10.7326
0.603553 10.736
0.604038 10.7395
0.604523 10.7429
0.605009 10.7463
0.605494 10.7498
0.60598 10.7532
0.606467 10.7566
0.606953 10.7601
0.60744 10.7635
0.607927 10.7669
0.608414 10.7704
0.608902 10.7738
0.60939 10.7772
0.609878 10.7807
0.610367 10.7841
0.610855 10.7875
0.611344 10.7909
0.611834 10.7944
0.612323 10.7978
0.612813 10.8012
0.613303 10.8047
0.613794 10.8081
0.614284 10.8115
0.614775 10.8149
0.615267 10.8184
0.615758 10.8218
0.61625 10.8252
0.616742 10.8286
0.617234 10.8321
0.617727 10.8355
0.61822 10.8389
0.618713 10.8423
0.619207 10.8458
0.6197 10.8492
0.620195 10.8526
0.620689 10.856
0.621183 10.8594
0.621678 10.8629
0.622174 10.8663
0.622669 10.8697
0.623165 10.8731
0.623661 10.8765
0.624157 10.8799
0.624654 10.8834
0.62515 10.8868
0.625648 10.8902
0.626145 10.8936
0.626643 10.897
0.627141 10.9004
0.627639 10.9039
0.628138 10.9073
0.628636 10.9107
0.629136 10.9141
0.629635 10.9175
0.630135 10.9209
0.630635 10.9243
0.631135 10.9277
0.631636 10.9311
0.632136 10.9346
0.632637 10.938
0.633139 10.9414
0.633641 10.9448
0.634143 10.9482
0.634645 10.9516
0.635147 10.955
0.63565 10.9584
0.636153 10.9618
0.636657 10.9652
0.63716 10.9686
0.637664 10.972
0.638169 10.9754
0.638673 10.9788
0.639178 10.9822
0.639683 10.9856
0.640189 10.989
0.640694 10.9924
0.6412 10.9958
0.641706 10.9992
0.642213 11.0026
0.64272 11.006
0.643227 11.0094
0.643734 11.0128
0.644242 11.0162
0.64475 11.0196
0.645258 11.023
0.645767 11.0264
0.646276 11.0298
0.646785 11.0332
0.647295 11.0366
0.647804 11.04
0.648314 11.0434
0.648825 11.0468
0.649335 11.0502
0.649846 11.0536
0.650357 11.057
0.650869 11.0603
0.651381 11.0637
0.651893 11.0671
0.652405 11.0705
0.652918 11.0739
0.653431 11.0773
0.653944 11.0807
0.654457 11.0841
0.654971 11.0875
0.655485 11.0908
0.656 11.0942
0.656514 11.0976
0.657029 11.101
0.657545 11.1044
0.65806 11.1078
0.658576 11.1112
0.659092 11.1145
0.659609 11.1179
0.660126 11.1213
0.660643 11.1247
0.66116 11.1281
0.661678 11.1315
0.662196 11.1348
0.662714 11.1382
0.663232 11.1416
0.663751 11.145
0.66427 11.1484
0.66479 11.1517
0.665309 11.1551
0.665829 11.1585
0.66635 11.1619
0.66687 11.1652
0.667391 11.1686
0.667912 11.172
0.668434 11.1754
0.668956 11.1787
0.669478 11.1821
0.670001 11.1855
0.670523 11.1889
0.671046 11.1922
0.671569 11.1956
0.672093 11.199
0.672617 11.2024
0.673141 11.2057
0.673665 11.2091
0.674191 11.2125
0.674715 11.2158
0.675241 11.2192
0.675766 11.2226
0.676293 11.2259
0.676818 11.2293
0.677346 11.2327
0.677872 11.236
0.6784 11.2394
0.678927 11.2428
0.679455 11.2461
0.679982 11.2495
0.680511 11.2529
0.68104 11.2562
0.681569 11.2596
0.682098 11.263
0.682628 11.2663
0.683157 11.2697
0.683688 11.273
0.684218 11.2764
0.684749 11.2798
0.68528 11.2831
0.685812 11.2865
0.686343 11.2898
0.686876 11.2932
0.687407 11.2966
0.687941 11.2999
0.688473 11.3033
0.689007 11.3066
0.68954 11.31
0.690074 11.3133
0.690608 11.3167
0.691143 11.3201
0.691678 11.3234
0.692213 11.3268
0.692748 11.3301
0.693284 11.3335
0.69382 11.3368
0.694356 11.3402
0.694893 11.3435
0.69543 11.3469
0.695967 11.3502
0.696505 11.3536
0.697042 11.3569
0.697581 11.3603
0.698119 11.3636
0.698658 11.367
0.699197 11.3703
0.699736 11.3737
0.700276 11.377
0.700816 11.3804
0.701356 11.3837
0.701897 11.3871
0.702438 11.3904
0.702979 11.3937
0.703521 11.3971
0.704063 11.4004
0.704605 11.4038
0.705147 11.4071
0.70569 11.4105
0.706233 11.4138
0.706777 11.4171
0.70732 11.4205
0.707864 11.4238
0.708409 11.4272
0.708953 11.4305
0.709498 11.4338
0.710044 11.4372
0.710589 11.4405
0.711135 11.4439
0.711682 11.4472
0.712228 11.4505
0.712775 11.4539
0.713322 11.4572
0.71387 11.4605
0.714418 11.4639
0.714966 11.4672
0.715514 11.4706
0.716063 11.4739
0.716612 11.4772
0.717161 11.4806
0.717711 11.4839
0.718261 11.4872
0.718811 11.4905
0.719362 11.4939
0.719913 11.4972
0.720464 11.5005
0.721016 11.5039
0.721568 11.5072
0.72212 11.5105
0.722673 11.5139
0.723226 11.5172
0.723779 11.5205
0.724332 11.5238
0.724886 11.5272
0.72544 11.5305
0.725995 11.5338
0.72655 11.5371
0.727105 11.5405
0.72766 11.5438
0.728216 11.5471
0.728772 11.5504
0.729328 11.5538
0.729885 11.5571
0.730442 11.5604
0.730999 11.5637
0.731557 11.567
0.732115 11.5704
0.732673 11.5737
0.733232 11.577
0.733791 11.5803
0.73435 11.5836
0.73491 11.587
0.73547 11.5903
0.73603 11.5936
0.736591 11.5969
0.737152 11.6002
0.737713 11.6036
0.738274 11.6069
0.738836 11.6102
0.739399 11.6135
0.739961 11.6168
0.740524 11.6201
0.741087 11.6234
0.741651 11.6268
0.742214 11.6301
0.742779 11.6334
0.743343 11.6367
0.743908 11.64
0.744473 11.6433
0.745038 11.6466
0.745604 11.6499
0.74617 11.6532
0.746737 11.6566
0.747304 11.6599
0.747871 11.6632
0.748438 11.6665
0.749006 11.6698
0.749574 11.6731
0.750142 11.6764
0.750711 11.6797
0.75128 11.683
0.751849 11.6863
0.752419 11.6896
0.752989 11.6929
0.75356 11.6962
0.75413 11.6995
0.754701 11.7028
0.755273 11.7061
0.755844 11.7094
0.756416 11.7127
0.756989 11.716
0.757561 11.7193
0.758134 11.7226
0.758708 11.7259
0.759282 11.7292
0.759856 11.7325
0.76043 11.7358
0.761005 11.7391
0.76158 11.7424
0.762155 11.7457
0.762731 11.749
0.763307 11.7523
0.763883 11.7556
0.76446 11.7589
0.765037 11.7622
0.765614 11.7655
0.766192 11.7688
0.76677 11.7721
0.767348 11.7754
0.767927 11.7787
0.768506 11.782
0.769085 11.7853
0.769665 11.7886
0.770245 11.7918
0.770825 11.7951
0.771406 11.7984
0.771987 11.8017
0.772568 11.805
0.77315 11.8083
0.773732 11.8116
0.774315 11.8149
0.774897 11.8182
0.77548 11.8214
0.776064 11.8247
0.776648 11.828
0.777232 11.8313
0.777816 11.8346
0.778401 11.8379
0.778986 11.8412
0.779571 11.8444
0.780157 11.8477
0.780743 11.851
0.78133 11.8543
0.781917 11.8576
0.782504 11.8609
0.783091 11.8641
0.783679 11.8674
0.784267 11.8707
0.784856 11.874
0.785444 11.8773
0.786034 11.8805
0.786623 11.8838
0.787213 11.8871
0.787803 11.8904
0.788394 11.8937
0.788985 11.8969
0.789576 11.9002
0.790168 11.9035
0.79076 11.9068
0.791352 11.91
0.791944 11.9133
0.792537 11.9166
0.793131 11.9199
0.793724 11.9231
0.794318 11.9264
0.794913 11.9297
0.795508 11.933
0.796103 11.9362
0.796698 11.9395
0.797294 11.9428
0.79789 11.946
0.798486 11.9493
0.799083 11.9526
0.79968 11.9558
0.800278 11.9591
0.800875 11.9624
0.801474 11.9657
0.802072 11.9689
0.802671 11.9722
0.80327 11.9755
0.80387 11.9787
0.80447 11.982
0.80507 11.9852
0.805671 11.9885
0.806272 11.9918
0.806873 11.995
0.807475 11.9983
0.808077 12.0016
0.808679 12.0048
0.809282 12.0081
0.809885 12.0114
0.810488 12.0146
0.811092 12.0179
0.811696 12.0211
0.8123 12.0244
0.812905 12.0277
0.81351 12.0309
0.814116 12.0342
0.814722 12.0374
0.815328 12.0407
0.815935 12.044
0.816542 12.0472
0.817149 12.0505
0.817757 12.0537
0.818365 12.057
0.818973 12.0602
0.819582 12.0635
0.820191 12.0667
0.8208 12.07
0.82141 12.0733
0.82202 12.0765
0.822631 12.0798
0.823242 12.083
0.823853 12.0863
0.824464 12.0895
0.825076 12.0928
0.825689 12.096
0.826301 12.0993
0.826914 12.1025
0.827528 12.1058
0.828141 12.109
0.828755 12.1123
0.82937 12.1155
0.829985 12.1188
0.8306 12.122
0.831215 12.1253
0.831831 12.1285
0.832447 12.1318
0.833064 12.135
0.833681 12.1382
0.834298 12.1415
0.834916 12.1447
0.835534 12.148
0.836152 12.1512
0.836771 12.1545
0.83739 12.1577
0.83801 12.161
0.83863 12.1642
0.83925 12.1674
0.83987 12.1707
0.840491 12.1739
0.841113 12.1772
0.841734 12.1804
0.842356 12.1836
0.842979 12.1869
0.843602 12.1901
0.844225 12.1934
0.844848 12.1966
0.845472 12.1998
0.846096 12.2031
0.846721 12.2063
0.847346 12.2095
0.847971 12.2128
0.848597 12.216
0.849223 12.2192
0.849849 12.2225
0.850476 12.2257
0.851103 12.229
0.851731 12.2322
0.852359 12.2354
0.852987 12.2387
0.853615 12.2419
0.854244 12.2451
0.854874 12.2483
0.855504 12.2516
0.856134 12.2548
0.856764 12.258
0.857395 12.2613
0.858026 12.2645
0.858658 12.2677
0.85929 12.271
0.859922 12.2742
0.860555 12.2774
0.861188 12.2806
0.861821 12.2839
0.862455 12.2871
0.863089 12.2903
0.863724 12.2935
0.864359 12.2968
0.864994 12.3
0.86563 12.3032
0.866266 12.3064
0.866902 12.3097
0.867539 12.3129
0.868176 12.3161
0.868813 12.3193
0.869451 12.3225
0.87009 12.3258
0.870728 12.329
0.871367 12.3322
0.872007 12.3354
0.872647 12.3387
0.873287 12.3419
0.873927 12.3451
0.874568 12.3483
0.875209 12.3515
0.875851 12.3547
0.876493 12.358
0.877136 12.3612
0.877778 12.3644
0.878421 12.3676
0.879065 12.3708
0.879709 12.374
0.880353 12.3773
0.880998 12.3805
0.881643 12.3837
0.882288 12.3869
0.882934 12.3901
0.883581 12.3933
0.884227 12.3965
0.884874 12.3997
0.885521 12.403
0.886169 12.4062
0.886817 12.4094
0.887466 12.4126
0.888115 12.4158
0.888764 12.419
0.889413 12.4222
0.890063 12.4254
0.890714 12.4286
0.891365 12.4318
0.892016 12.4351
0.892667 12.4383
0.893319 12.4415
0.893972 12.4447
0.894624 12.4479
0.895277 12.4511
0.895931 12.4543
0.896585 12.4575
0.897239 12.4607
0.897894 12.4639
0.898549 12.4671
0.899204 12.4703
0.89986 12.4735
0.900516 12.4767
0.901172 12.4799
0.901829 12.4831
0.902487 12.4863
0.903144 12.4895
0.903802 12.4927
0.904461 12.4959
0.90512 12.4991
0.905779 12.5023
0.906439 12.5055
0.907099 12.5087
0.907759 12.5119
0.90842 12.5151
0.909081 12.5183
0.909743 12.5215
0.910405 12.5247
0.911067 12.5279
0.91173 12.5311
0.912393 12.5343
0.913057 12.5375
0.913721 12.5407
0.914385 12.5439
0.91505 12.5471
0.915715 12.5502
0.91638 12.5534
0.917046 12.5566
0.917712 12.5598
0.918379 12.563
0.919046 12.5662
0.919714 12.5694
0.920382 12.5726
0.92105 12.5758
0.921718 12.579
0.922388 12.5821
0.923057 12.5853
0.923727 12.5885
0.924397 12.5917
0.925068 12.5949
0.925739 12.5981
0.92641 12.6013
0.927082 12.6045
0.927754 12.6076
0.928427 12.6108
0.9291 12.614
0.929773 12.6172
0.930447 12.6204
0.931121 12.6236
0.931796 12.6267
0.932471 12.6299
0.933146 12.6331
0.933822 12.6363
0.934498 12.6395
0.935175 12.6427
0.935852 12.6458
0.936529 12.649
0.937207 12.6522
0.937885 12.6554
0.938564 12.6586
0.939243 12.6617
0.939922 12.6649
0.940602 12.6681
0.941282 12.6713
0.941963 12.6744
0.942644 12.6776
0.943325 12.6808
0.944007 12.684
0.944689 12.6871
0.945372 12.6903
0.946055 12.6935
0.946738 12.6967
0.947422 12.6998
0.948106 12.703
0.948791 12.7062
0.949476 12.7094
0.950161 12.7125
0.950847 12.7157
0.951533 12.7189
0.95222 12.7221
0.952907 12.7252
0.953595 12.7284
0.954282 12.7316
0.954971 12.7347
0.955659 12.7379
0.956349 12.7411
0.957038 12.7442
0.957728 12.7474
0.958418 12.7506
0.959109 12.7537
0.9598 12.7569
0.960492 12.7601
0.961184 12.7632
0.961876 12.7664
0.962569 12.7696
0.963262 12.7727
0.963956 12.7759
0.96465 12.7791
0.965344 12.7822
0.966039 12.7854
0.966734 12.7885
0.96743 12.7917
0.968126 12.7949
0.968822 12.798
0.969519 12.8012
0.970217 12.8044
0.970914 12.8075
0.971612 12.8107
0.972311 12.8138
0.97301 12.817
0.973709 12.8202
0.974409 12.8233
0.975109 12.8265
0.97581 12.8296
0.976511 12.8328
0.977212 12.8359
0.977914 12.8391
0.978616 12.8423
0.979319 12.8454
0.980022 12.8486
0.980726 12.8517
0.98143 12.8549
0.982134 12.858
0.982839 12.8612
0.983544 12.8643
0.98425 12.8675
0.984956 12.8706
0.985662 12.8738
0.986369 12.8769
0.987076 12.8801
0.987784 12.8832
0.988492 12.8864
0.989201 12.8895
0.98991 12.8927
0.990619 12.8958
0.991329 12.899
0.992039 12.9021
0.99275 12.9053
0.993461 12.9084
0.994172 12.9116
0.994884 12.9147
0.995597 12.9179
0.996309 12.921
0.997022 12.9242
0.997736 12.9273
0.99845 12.9305
0.999165 12.9336
0.999879 12.9368
1.00059 12.9399
