5.81222e-05 0.00533403
0.000116245 0.0106681
0.000174368 0.0160021
0.000232492 0.0213361
0.000290618 0.0266701
0.000348744 0.0320041
0.000406873 0.0373381
0.000465004 0.042672
0.000523138 0.0480059
0.000581274 0.0533399
0.000639413 0.0586738
0.000697555 0.0640076
0.000755702 0.0693414
0.000813852 0.0746753
0.000872007 0.080009
0.000930166 0.0853428
0.00098833 0.0906765
0.0010465 0.0960101
0.00110467 0.101344
0.00116285 0.106677
0.00122104 0.112011
0.00127923 0.117344
0.00133743 0.122678
0.00139564 0.128011
0.00145385 0.133344
0.00151208 0.138678
0.0015703 0.144011
0.00162854 0.149344
0.00168679 0.154677
0.00174504 0.16001
0.00180331 0.165343
0.00186158 0.170676
0.00191987 0.176009
0.00197816 0.181342
0.00203646 0.186674
0.00209478 0.192007
0.0021531 0.197339
0.00221144 0.202672
0.00226979 0.208004
0.00232815 0.213336
0.00238652 0.218669
0.0024449 0.224001
0.0025033 0.229333
0.00256171 0.234665
0.00262013 0.239996
0.00267857 0.245328
0.00273702 0.25066
0.00279549 0.255991
0.00285397 0.261323
0.00291246 0.266654
0.00297097 0.271985
0.0030295 0.277316
0.00308804 0.282647
0.00314659 0.287978
0.00320517 0.293309
0.00326376 0.298639
0.00332236 0.30397
0.00338099 0.3093
0.00343963 0.31463
0.00349829 0.319961
0.00355697 0.325291
0.00361566 0.33062
0.00367438 0.33595
0.00373311 0.34128
0.00379186 0.346609
0.00385063 0.351939
0.00390943 0.357268
0.00396824 0.362597
0.00402707 0.367926
0.00408592 0.373254
0.0041448 0.378583
0.00420369 0.383911
0.00426261 0.38924
0.00432155 0.394568
0.00438051 0.399896
0.0044395 0.405224
0.0044985 0.410552
0.00455753 0.415879
0.00461672 0.421205
0.00467574 0.426534
0.00473481 0.431862
0.00479405 0.437188
0.00485314 0.442517
0.00491228 0.447845
0.00497161 0.45317
0.00503077 0.458498
0.00508999 0.463826
0.0051494 0.46915
0.00520863 0.474478
0.00526807 0.479803
0.00532735 0.485131
0.00538684 0.490456
0.00544617 0.495784
0.00550572 0.501108
0.00556511 0.506436
0.00562472 0.51176
0.00568416 0.517087
0.00574384 0.522411
0.00580333 0.527738
0.00586307 0.533061
0.00592261 0.538387
0.00598242 0.54371
0.00604202 0.549037
0.00610189 0.554359
0.00616155 0.559685
0.00622149 0.565007
0.00628121 0.570333
0.00634121 0.575654
0.00640113 0.580978
0.00646108 0.586302
0.00652106 0.591626
0.00658108 0.596949
0.00664113 0.602273
0.00670121 0.607596
0.00676133 0.612919
0.00682149 0.618242
0.00688167 0.623565
0.0069419 0.628887
0.00700215 0.634209
0.00706245 0.639532
0.00712278 0.644853
0.00718314 0.650175
0.00724354 0.655497
0.00730398 0.660818
0.00736445 0.666139
0.00742496 0.67146
0.00748551 0.676781
0.0075461 0.682101
0.00760672 0.687422
0.00766738 0.692742
0.00772808 0.698062
0.00778882 0.703381
0.0078496 0.708701
0.00791042 0.71402
0.00797127 0.719339
0.00803217 0.724658
0.0080931 0.729977
0.00815408 0.735295
0.0082151 0.740613
0.00827615 0.745931
0.00833725 0.751249
0.00839839 0.756567
0.00845957 0.761884
0.0085208 0.767201
0.00858206 0.772518
0.00864337 0.777835
0.00870472 0.783151
0.00876611 0.788468
0.00882755 0.793784
0.00888903 0.799099
0.00895055 0.804415
0.00901212 0.80973
0.00907373 0.815045
0.00913538 0.82036
0.00919708 0.825675
0.00925883 0.830989
0.00932062 0.836303
0.00938245 0.841617
0.00944433 0.846931
0.00950626 0.852244
0.00956823 0.857557
0.00963025 0.86287
0.00969231 0.868183
0.00975443 0.873495
0.00981659 0.878807
0.00987879 0.884119
0.00994105 0.889431
0.0100033 0.894742
0.0100657 0.900053
0.0101281 0.905364
0.0101905 0.910675
0.010253 0.915985
0.0103156 0.921295
0.0103782 0.926605
0.0104408 0.931915
0.0105035 0.937224
0.0105663 0.942533
0.0106291 0.947842
0.0106919 0.953151
0.0107548 0.958459
0.0108177 0.963767
0.0108807 0.969075
0.0109438 0.974382
0.0110069 0.97969
0.01107 0.984997
0.0111332 0.990303
0.0111965 0.99561
0.0112598 1.00092
0.0113232 1.00622
0.0113866 1.01153
0.0114501 1.01683
0.0115136 1.02214
0.0115771 1.02744
0.0116408 1.03275
0.0117045 1.03805
0.0117682 1.04335
0.011832 1.04866
0.0118958 1.05396
0.0119597 1.05926
0.0120237 1.06457
0.0120877 1.06987
0.0121518 1.07517
0.0122159 1.08047
0.0122801 1.08578
0.0123443 1.09108
0.0124086 1.09638
0.012473 1.10168
0.0125374 1.10698
0.0126018 1.11228
0.0126664 1.11758
0.0127309 1.12288
0.0127956 1.12818
0.0128603 1.13348
0.012925 1.13878
0.0129898 1.14407
0.0130547 1.14937
0.0131196 1.15467
0.0131846 1.15997
0.0132497 1.16527
0.0133148 1.17056
0.0133799 1.17586
0.0134452 1.18116
0.0135105 1.18645
0.0135758 1.19175
0.0136412 1.19704
0.0137067 1.20234
0.0137722 1.20763
0.0138378 1.21293
0.0139035 1.21822
0.0139692 1.22351
0.014035 1.22881
0.0141008 1.2341
0.0141667 1.23939
0.0142327 1.24469
0.0142987 1.24998
0.0143648 1.25527
0.0144309 1.26056
0.0144971 1.26585
0.0145634 1.27115
0.0146298 1.27644
0.0146962 1.28173
0.0147626 1.28702
0.0148292 1.29231
0.0148958 1.2976
0.0149624 1.30288
0.0150291 1.30817
0.0150959 1.31346
0.0151628 1.31875
0.0152297 1.32404
0.0152967 1.32933
0.0153638 1.33461
0.0154309 1.3399
0.0154981 1.34519
0.0155653 1.35047
0.0156326 1.35576
0.0157 1.36104
0.0157675 1.36633
0.015835 1.37161
0.0159026 1.3769
0.0159702 1.38218
0.0160379 1.38747
0.0161057 1.39275
0.0161736 1.39803
0.0162415 1.40332
0.0163095 1.4086
0.0163775 1.41388
0.0164457 1.41916
0.0165139 1.42445
0.0165821 1.42973
0.0166505 1.43501
0.0167189 1.44029
0.0167873 1.44557
0.0168559 1.45085
0.0169245 1.45613
0.0169932 1.46141
0.0170619 1.46669
0.0171307 1.47197
0.0171996 1.47724
0.0172686 1.48252
0.0173376 1.4878
0.0174067 1.49308
0.0174759 1.49835
0.0175452 1.50363
0.0176145 1.50891
0.0176839 1.51418
0.0177533 1.51946
0.0178228 1.52473
0.0178925 1.53001
0.0179621 1.53528
0.0180319 1.54056
0.0181017 1.54583
0.0181716 1.55111
0.0182416 1.55638
0.0183116 1.56165
0.0183817 1.56692
0.0184519 1.5722
0.0185221 1.57747
0.0185925 1.58274
0.0186629 1.58801
0.0187334 1.59328
0.0188039 1.59855
0.0188745 1.60382
0.0189452 1.60909
0.019016 1.61436
0.0190869 1.61963
0.0191578 1.6249
0.0192288 1.63017
0.0192999 1.63544
0.019371 1.64071
0.0194422 1.64597
0.0195135 1.65124
0.0195849 1.65651
0.0196564 1.66177
0.0197279 1.66704
0.0197995 1.67231
0.0198712 1.67757
0.0199429 1.68284
0.0200148 1.6881
0.0200867 1.69337
0.0201587 1.69863
0.0202307 1.70389
0.0203029 1.70916
0.0203751 1.71442
0.0204474 1.71968
0.0205197 1.72494
0.0205922 1.73021
0.0206647 1.73547
0.0207373 1.74073
0.02081 1.74599
0.0208828 1.75125
0.0209556 1.75651
0.0210285 1.76177
0.0211015 1.76703
0.0211746 1.77229
0.0212477 1.77755
0.021321 1.78281
0.0213943 1.78807
0.0214677 1.79332
0.0215411 1.79858
0.0216147 1.80384
0.0216883 1.8091
0.021762 1.81435
0.0218358 1.81961
0.0219097 1.82487
0.0219836 1.83012
0.0220576 1.83538
0.0221317 1.84063
0.0222059 1.84589
0.0222802 1.85114
0.0223545 1.85639
0.022429 1.86165
0.0225035 1.8669
0.0225781 1.87215
0.0226527 1.87741
0.0227275 1.88266
0.0228023 1.88791
0.0228772 1.89316
0.0229522 1.89841
0.0230273 1.90366
0.0231024 1.90891
0.0231777 1.91416
0.023253 1.91941
0.0233284 1.92466
0.0234039 1.92991
0.0234795 1.93516
0.0235551 1.94041
0.0236308 1.94566
0.0237067 1.95091
0.0237826 1.95615
0.0238585 1.9614
0.0239346 1.96665
0.0240107 1.97189
0.024087 1.97714
0.0241633 1.98238
0.0242397 1.98763
0.0243162 1.99288
0.0243927 1.99812
0.0244694 2.00336
0.0245461 2.00861
0.0246229 2.01385
0.0246998 2.0191
0.0247768 2.02434
0.0248539 2.02958
0.024931 2.03482
0.0250082 2.04007
0.0250856 2.04531
0.025163 2.05055
0.0252404 2.05579
0.025318 2.06103
0.0253957 2.06627
0.0254734 2.07151
0.0255512 2.07675
0.0256292 2.08199
0.0257072 2.08723
0.0257852 2.09247
0.0258634 2.09771
0.0259417 2.10294
0.02602 2.10818
0.0260984 2.11342
0.0261769 2.11866
0.0262555 2.12389
0.0263342 2.12913
0.026413 2.13437
0.0264918 2.1396
0.0265708 2.14484
0.0266498 2.15007
0.0267289 2.15531
0.0268081 2.16054
0.0268874 2.16578
0.0269668 2.17101
0.0270462 2.17624
0.0271258 2.18148
0.0272054 2.18671
0.0272851 2.19194
0.0273649 2.19717
0.0274448 2.20241
0.0275248 2.20764
0.0276049 2.21287
0.027685 2.2181
0.0277653 2.22333
0.0278456 2.22856
0.027926 2.23379
0.0280065 2.23902
0.0280871 2.24425
0.0281678 2.24948
0.0282486 2.25471
0.0283294 2.25994
0.0284104 2.26516
0.0284914 2.27039
0.0285725 2.27562
0.0286537 2.28085
0.028735 2.28607
0.0288164 2.2913
0.0288979 2.29653
0.0289795 2.30175
0.0290611 2.30698
0.0291428 2.3122
0.0292247 2.31743
0.0293066 2.32265
0.0293886 2.32788
0.0294707 2.3331
0.0295529 2.33832
0.0296352 2.34355
0.0297175 2.34877
0.0298 2.35399
0.0298825 2.35922
0.0299652 2.36444
0.0300479 2.36966
0.0301307 2.37488
0.0302136 2.3801
0.0302966 2.38532
0.0303797 2.39054
0.0304628 2.39577
0.0305461 2.40099
0.0306295 2.4062
0.0307129 2.41142
0.0307964 2.41664
0.0308801 2.42186
0.0309638 2.42708
0.0310476 2.4323
0.0311315 2.43752
0.0312154 2.44273
0.0312995 2.44795
0.0313837 2.45317
0.0314679 2.45839
0.0315523 2.4636
0.0316367 2.46882
0.0317213 2.47403
0.0318059 2.47925
0.0318906 2.48446
0.0319754 2.48968
0.0320603 2.49489
0.0321453 2.50011
0.0322303 2.50532
0.0323155 2.51054
0.0324008 2.51575
0.0324861 2.52096
0.0325716 2.52617
0.0326571 2.53139
0.0327427 2.5366
0.0328284 2.54181
0.0329142 2.54702
0.0330001 2.55223
0.0330861 2.55745
0.0331722 2.56266
0.0332584 2.56787
0.0333446 2.57308
0.033431 2.57829
0.0335175 2.5835
0.033604 2.58871
0.0336906 2.59392
0.0337774 2.59912
0.0338642 2.60433
0.0339511 2.60954
0.0340381 2.61475
0.0341252 2.61996
0.0342124 2.62516
0.0342997 2.63037
0.034387 2.63558
0.0344745 2.64078
0.0345621 2.64599
0.0346497 2.6512
0.0347375 2.6564
0.0348253 2.66161
0.0349132 2.66681
0.0350013 2.67202
0.0350894 2.67722
0.0351776 2.68243
0.0352659 2.68763
0.0353543 2.69283
0.0354428 2.69804
0.0355314 2.70324
0.03562 2.70844
0.0357088 2.71365
0.0357977 2.71885
0.0358866 2.72405
0.0359757 2.72925
0.0360648 2.73445
0.0361541 2.73965
0.0362434 2.74486
0.0363328 2.75006
0.0364223 2.75526
0.0365119 2.76046
0.0366016 2.76566
0.0366914 2.77086
0.0367813 2.77606
0.0368713 2.78125
0.0369614 2.78645
0.0370516 2.79165
0.0371419 2.79685
0.0372322 2.80205
0.0373227 2.80725
0.0374132 2.81244
0.0375039 2.81764
0.0375946 2.82284
0.0376854 2.82803
0.0377764 2.83323
0.0378674 2.83843
0.0379585 2.84362
0.0380497 2.84882
0.038141 2.85401
0.0382324 2.85921
0.0383239 2.8644
0.0384155 2.8696
0.0385072 2.87479
0.038599 2.87999
0.0386909 2.88518
0.0387828 2.89037
0.0388749 2.89557
0.0389671 2.90076
0.0390593 2.90595
0.0391517 2.91114
0.0392441 2.91634
0.0393367 2.92153
0.0394293 2.92672
0.039522 2.93191
0.0396148 2.9371
0.0397078 2.94229
0.0398008 2.94748
0.0398939 2.95268
0.0399871 2.95787
0.0400804 2.96306
0.0401738 2.96824
0.0402673 2.97343
0.0403609 2.97862
0.0404546 2.98381
0.0405483 2.989
0.0406422 2.99419
0.0407362 2.99938
0.0408303 3.00457
0.0409244 3.00975
0.0410187 3.01494
0.041113 3.02013
0.0412075 3.02531
0.041302 3.0305
0.0413967 3.03569
0.0414914 3.04087
0.0415862 3.04606
0.0416811 3.05125
0.0417762 3.05643
0.0418713 3.06162
0.0419665 3.0668
0.0420618 3.07199
0.0421572 3.07717
0.0422527 3.08236
0.0423483 3.08754
0.042444 3.09272
0.0425398 3.09791
0.0426357 3.10309
0.0427317 3.10827
0.0428278 3.11346
0.0429239 3.11864
0.0430202 3.12382
0.0431166 3.129
0.043213 3.13418
0.0433096 3.13937
0.0434063 3.14455
0.043503 3.14973
0.0435999 3.15491
0.0436968 3.16009
0.0437939 3.16527
0.043891 3.17045
0.0439882 3.17563
0.0440856 3.18081
0.044183 3.18599
0.0442805 3.19117
0.0443782 3.19635
0.0444759 3.20153
0.0445737 3.20671
0.0446716 3.21188
0.0447696 3.21706
0.0448677 3.22224
0.0449659 3.22742
0.0450642 3.23259
0.0451626 3.23777
0.0452611 3.24295
0.0453597 3.24813
0.0454584 3.2533
0.0455572 3.25848
0.0456561 3.26365
0.0457551 3.26883
0.0458542 3.27401
0.0459533 3.27918
0.0460526 3.28436
0.046152 3.28953
0.0462515 3.29471
0.046351 3.29988
0.0464507 3.30505
0.0465504 3.31023
0.0466503 3.3154
0.0467503 3.32058
0.0468503 3.32575
0.0469505 3.33092
0.0470507 3.33609
0.047151 3.34127
0.0472515 3.34644
0.047352 3.35161
0.0474527 3.35678
0.0475534 3.36196
0.0476542 3.36713
0.0477552 3.3723
0.0478562 3.37747
0.0479573 3.38264
0.0480585 3.38781
0.0481599 3.39298
0.0482613 3.39815
0.0483628 3.40332
0.0484644 3.40849
0.0485661 3.41366
0.0486679 3.41883
0.0487698 3.424
0.0488718 3.42917
0.0489739 3.43434
0.0490761 3.4395
0.0491784 3.44467
0.0492808 3.44984
0.0493833 3.45501
0.0494859 3.46018
0.0495886 3.46534
0.0496914 3.47051
0.0497943 3.47568
0.0498973 3.48084
0.0500004 3.48601
0.0501035 3.49118
0.0502068 3.49634
0.0503102 3.50151
0.0504137 3.50667
0.0505173 3.51184
0.0506209 3.517
0.0507247 3.52217
0.0508286 3.52733
0.0509325 3.5325
0.0510366 3.53766
0.0511408 3.54283
0.051245 3.54799
0.0513494 3.55315
0.0514539 3.55832
0.0515584 3.56348
0.0516631 3.56864
0.0517678 3.57381
0.0518727 3.57897
0.0519776 3.58413
0.0520827 3.58929
0.0521878 3.59446
0.0522931 3.59962
0.0523984 3.60478
0.0525039 3.60994
0.0526094 3.6151
0.0527151 3.62026
0.0528208 3.62542
0.0529267 3.63058
0.0530326 3.63574
0.0531386 3.64091
0.0532448 3.64606
0.053351 3.65122
0.0534573 3.65638
0.0535638 3.66154
0.0536703 3.6667
0.0537769 3.67186
0.0538837 3.67702
0.0539905 3.68218
0.0540974 3.68734
0.0542045 3.69249
0.0543116 3.69765
0.0544188 3.70281
0.0545261 3.70797
0.0546336 3.71312
0.0547411 3.71828
0.0548487 3.72344
0.0549564 3.72859
0.0550643 3.73375
0.0551722 3.73891
0.0552802 3.74406
0.0553883 3.74922
0.0554966 3.75437
0.0556049 3.75953
0.0557133 3.76469
0.0558218 3.76984
0.0559304 3.77499
0.0560391 3.78015
0.056148 3.7853
0.0562569 3.79046
0.0563659 3.79561
0.056475 3.80077
0.0565842 3.80592
0.0566935 3.81107
0.056803 3.81623
0.0569125 3.82138
0.0570221 3.82653
0.0571318 3.83168
0.0572416 3.83684
0.0573515 3.84199
0.0574615 3.84714
0.0575716 3.85229
0.0576819 3.85744
0.0577922 3.86259
0.0579026 3.86774
0.0580131 3.8729
0.0581237 3.87805
0.0582344 3.8832
0.0583452 3.88835
0.0584561 3.8935
0.0585672 3.89865
0.0586783 3.9038
0.0587895 3.90895
0.0589008 3.9141
0.0590122 3.91924
0.0591237 3.92439
0.0592353 3.92954
0.059347 3.93469
0.0594589 3.93984
0.0595708 3.94499
0.0596828 3.95013
0.0597949 3.95528
0.0599071 3.96043
0.0600194 3.96558
0.0601318 3.97072
0.0602444 3.97587
0.060357 3.98102
0.0604697 3.98616
0.0605825 3.99131
0.0606954 3.99646
0.0608084 4.0016
0.0609216 4.00675
0.0610348 4.01189
0.0611481 4.01704
0.0612615 4.02218
0.061375 4.02733
0.0614887 4.03247
0.0616024 4.03762
0.0617162 4.04276
0.0618301 4.0479
0.0619442 4.05305
0.0620583 4.05819
0.0621725 4.06334
0.0622868 4.06848
0.0624013 4.07362
0.0625158 4.07876
0.0626304 4.08391
0.0627452 4.08905
0.06286 4.09419
0.0629749 4.09933
0.06309 4.10448
0.0632051 4.10962
0.0633203 4.11476
0.0634357 4.1199
0.0635511 4.12504
0.0636666 4.13018
0.0637823 4.13532
0.063898 4.14046
0.0640139 4.1456
0.0641298 4.15074
0.0642459 4.15588
0.064362 4.16102
0.0644783 4.16616
0.0645946 4.1713
0.0647111 4.17644
0.0648276 4.18158
0.0649443 4.18672
0.065061 4.19186
0.0651779 4.19699
0.0652948 4.20213
0.0654119 4.20727
0.0655291 4.21241
0.0656463 4.21754
0.0657637 4.22268
0.0658812 4.22782
0.0659987 4.23296
0.0661164 4.23809
0.0662342 4.24323
0.0663521 4.24836
0.06647 4.2535
0.0665881 4.25864
0.0667063 4.26377
0.0668246 4.26891
0.066943 4.27404
0.0670615 4.27918
0.06718 4.28431
0.0672987 4.28945
0.0674175 4.29458
0.0675364 4.29971
0.0676554 4.30485
0.0677745 4.30998
0.0678937 4.31512
0.068013 4.32025
0.0681324 4.32538
0.068252 4.33052
0.0683716 4.33565
0.0684913 4.34078
0.0686111 4.34591
0.068731 4.35105
0.068851 4.35618
0.0689712 4.36131
0.0690914 4.36644
0.0692117 4.37157
0.0693322 4.3767
0.0694527 4.38183
0.0695733 4.38697
0.0696941 4.3921
0.0698149 4.39723
0.0699359 4.40236
0.0700569 4.40749
0.0701781 4.41262
0.0702993 4.41775
0.0704207 4.42287
0.0705422 4.428
0.0706637 4.43313
0.0707854 4.43826
0.0709072 4.44339
0.071029 4.44852
0.071151 4.45365
0.0712731 4.45877
0.0713953 4.4639
0.0715176 4.46903
0.07164 4.47416
0.0717625 4.47928
0.0718851 4.48441
0.0720078 4.48954
0.0721306 4.49466
0.0722535 4.49979
0.0723765 4.50492
0.0724996 4.51004
0.0726228 4.51517
0.0727461 4.52029
0.0728696 4.52542
0.0729931 4.53054
0.0731167 4.53567
0.0732405 4.54079
0.0733643 4.54592
0.0734883 4.55104
0.0736123 4.55616
0.0737365 4.56129
0.0738607 4.56641
0.0739851 4.57154
0.0741095 4.57666
0.0742341 4.58178
0.0743588 4.5869
0.0744836 4.59203
0.0746085 4.59715
0.0747334 4.60227
0.0748585 4.60739
0.0749837 4.61251
0.075109 4.61764
0.0752344 4.62276
0.0753599 4.62788
0.0754856 4.633
0.0756113 4.63812
0.0757371 4.64324
0.075863 4.64836
0.0759891 4.65348
0.0761152 4.6586
0.0762414 4.66372
0.0763678 4.66884
0.0764942 4.67396
0.0766208 4.67908
0.0767475 4.6842
0.0768742 4.68932
0.0770011 4.69443
0.0771281 4.69955
0.0772552 4.70467
0.0773824 4.70979
0.0775096 4.7149
0.077637 4.72002
0.0777646 4.72514
0.0778922 4.73026
0.0780199 4.73537
0.0781477 4.74049
0.0782756 4.74561
0.0784037 4.75072
0.0785318 4.75584
0.07866 4.76095
0.0787884 4.76607
0.0789168 4.77118
0.0790454 4.7763
0.0791741 4.78141
0.0793028 4.78653
0.0794317 4.79164
0.0795607 4.79676
0.0796898 4.80187
0.079819 4.80698
0.0799483 4.8121
0.0800777 4.81721
0.0802072 4.82232
0.0803368 4.82744
0.0804665 4.83255
0.0805964 4.83766
0.0807263 4.84277
0.0808564 4.84788
0.0809865 4.853
0.0811168 4.85811
0.0812471 4.86322
0.0813776 4.86833
0.0815082 4.87344
0.0816389 4.87855
0.0817697 4.88366
0.0819006 4.88877
0.0820316 4.89388
0.0821627 4.89899
0.0822939 4.9041
0.0824252 4.90921
0.0825567 4.91432
0.0826882 4.91943
0.0828198 4.92454
0.0829516 4.92964
0.0830835 4.93475
0.0832154 4.93986
0.0833475 4.94497
0.0834797 4.95008
0.083612 4.95518
0.0837444 4.96029
0.0838769 4.9654
0.0840095 4.9705
0.0841422 4.97561
0.0842751 4.98072
0.084408 4.98582
0.084541 4.99093
0.0846742 4.99603
0.0848075 5.00114
0.0849408 5.00624
0.0850743 5.01135
0.0852079 5.01645
0.0853416 5.02156
0.0854754 5.02666
0.0856093 5.03177
0.0857433 5.03687
0.0858774 5.04197
0.0860117 5.04708
0.086146 5.05218
0.0862805 5.05728
0.086415 5.06238
0.0865497 5.06749
0.0866845 5.07259
0.0868194 5.07769
0.0869544 5.08279
0.0870895 5.08789
0.0872247 5.09299
0.08736 5.0981
0.0874954 5.1032
0.087631 5.1083
0.0877666 5.1134
0.0879024 5.1185
0.0880382 5.1236
0.0881742 5.1287
0.0883103 5.1338
0.0884465 5.13889
0.0885828 5.14399
0.0887192 5.14909
0.0888558 5.15419
0.0889924 5.15929
0.0891291 5.16439
0.089266 5.16948
0.089403 5.17458
0.08954 5.17968
0.0896772 5.18478
0.0898145 5.18987
0.0899519 5.19497
0.0900894 5.20007
0.0902271 5.20516
0.0903648 5.21026
0.0905026 5.21535
0.0906406 5.22045
0.0907787 5.22554
0.0909168 5.23064
0.0910551 5.23573
0.0911935 5.24083
0.091332 5.24592
0.0914706 5.25102
0.0916094 5.25611
0.0917482 5.2612
0.0918872 5.2663
0.0920262 5.27139
0.0921654 5.27648
0.0923047 5.28157
0.0924441 5.28667
0.0925836 5.29176
0.0927232 5.29685
0.0928629 5.30194
0.0930028 5.30703
0.0931427 5.31212
0.0932828 5.31721
0.093423 5.32231
0.0935633 5.3274
0.0937037 5.33249
0.0938442 5.33758
0.0939848 5.34266
0.0941255 5.34775
0.0942664 5.35284
0.0944073 5.35793
0.0945484 5.36302
0.0946896 5.36811
0.0948309 5.3732
0.0949723 5.37828
0.0951138 5.38337
0.0952555 5.38846
0.0953972 5.39355
0.0955391 5.39863
0.095681 5.40372
0.0958231 5.40881
0.0959653 5.41389
0.0961076 5.41898
0.0962501 5.42406
0.0963926 5.42915
0.0965352 5.43423
0.096678 5.43932
0.0968209 5.4444
0.0969639 5.44949
0.097107 5.45457
0.0972502 5.45966
0.0973935 5.46474
0.0975369 5.46982
0.0976805 5.47491
0.0978242 5.47999
0.097968 5.48507
0.0981119 5.49015
0.0982559 5.49524
0.0984 5.50032
0.0985442 5.5054
0.0986886 5.51048
0.0988331 5.51556
0.0989776 5.52064
0.0991223 5.52572
0.0992671 5.5308
0.0994121 5.53588
0.0995571 5.54096
0.0997023 5.54604
0.0998475 5.55112
0.0999929 5.5562
0.100138 5.56128
0.100284 5.56636
0.10043 5.57144
0.100576 5.57651
0.100722 5.58159
0.100868 5.58667
0.101014 5.59175
0.10116 5.59682
0.101307 5.6019
0.101453 5.60698
0.1016 5.61205
0.101746 5.61713
0.101893 5.6222
0.10204 5.62728
0.102187 5.63236
0.102335 5.63743
0.102482 5.6425
0.10263 5.64758
0.102777 5.65265
0.102925 5.65773
0.103073 5.6628
0.103221 5.66787
0.103369 5.67295
0.103517 5.67802
0.103665 5.68309
0.103813 5.68816
0.103962 5.69324
0.104111 5.69831
0.104259 5.70338
0.104408 5.70845
0.104557 5.71352
0.104706 5.71859
0.104855 5.72366
0.105005 5.72873
0.105154 5.7338
0.105304 5.73887
0.105453 5.74394
0.105603 5.74901
0.105753 5.75408
0.105903 5.75915
0.106053 5.76421
0.106204 5.76928
0.106354 5.77435
0.106505 5.77942
0.106655 5.78448
0.106806 5.78955
0.106957 5.79462
0.107108 5.79968
0.107259 5.80475
0.10741 5.80981
0.107561 5.81488
0.107713 5.81994
0.107864 5.82501
0.108016 5.83007
0.108168 5.83514
0.10832 5.8402
0.108472 5.84526
0.108624 5.85033
0.108776 5.85539
0.108929 5.86045
0.109081 5.86552
0.109234 5.87058
0.109387 5.87564
0.10954 5.8807
0.109693 5.88576
0.109846 5.89083
0.109999 5.89589
0.110152 5.90095
0.110306 5.90601
0.110459 5.91107
0.110613 5.91613
0.110767 5.92119
0.110921 5.92624
0.111075 5.9313
0.111229 5.93636
0.111384 5.94142
0.111538 5.94648
0.111693 5.95154
0.111847 5.95659
0.112002 5.96165
0.112157 5.96671
0.112312 5.97176
0.112467 5.97682
0.112623 5.98188
0.112778 5.98693
0.112933 5.99199
0.113089 5.99704
0.113245 6.0021
0.113401 6.00715
0.113557 6.01221
0.113713 6.01726
0.113869 6.02231
0.114026 6.02737
0.114182 6.03242
0.114339 6.03747
0.114496 6.04252
0.114652 6.04758
0.114809 6.05263
0.114967 6.05768
0.115124 6.06273
0.115281 6.06778
0.115439 6.07283
0.115596 6.07788
0.115754 6.08293
0.115912 6.08798
0.11607 6.09303
0.116228 6.09808
0.116386 6.10313
0.116545 6.10818
0.116703 6.11323
0.116862 6.11828
0.11702 6.12332
0.117179 6.12837
0.117338 6.13342
0.117497 6.13846
0.117657 6.14351
0.117816 6.14856
0.117975 6.1536
0.118135 6.15865
0.118295 6.16369
0.118455 6.16874
0.118614 6.17378
0.118775 6.17883
0.118935 6.18387
0.119095 6.18891
0.119256 6.19396
0.119416 6.199
0.119577 6.20404
0.119738 6.20909
0.119899 6.21413
0.12006 6.21917
0.120221 6.22421
0.120382 6.22925
0.120544 6.23429
0.120706 6.23933
0.120867 6.24437
0.121029 6.24941
0.121191 6.25445
0.121353 6.25949
0.121515 6.26453
0.121678 6.26957
0.12184 6.27461
0.122003 6.27965
0.122166 6.28468
0.122328 6.28972
0.122491 6.29476
0.122655 6.2998
0.122818 6.30483
0.122981 6.30987
0.123145 6.3149
0.123308 6.31994
0.123472 6.32498
0.123636 6.33001
0.1238 6.33504
0.123964 6.34008
0.124128 6.34511
0.124293 6.35015
0.124457 6.35518
0.124622 6.36021
0.124787 6.36524
0.124952 6.37028
0.125117 6.37531
0.125282 6.38034
0.125447 6.38537
0.125612 6.3904
0.125778 6.39543
0.125944 6.40046
0.12611 6.40549
0.126275 6.41052
0.126442 6.41555
0.126608 6.42058
0.126774 6.42561
0.12694 6.43064
0.127107 6.43567
0.127274 6.44069
0.127441 6.44572
0.127608 6.45075
0.127775 6.45578
0.127942 6.4608
0.128109 6.46583
0.128277 6.47085
0.128444 6.47588
0.128612 6.4809
0.12878 6.48593
0.128948 6.49095
0.129116 6.49598
0.129284 6.501
0.129453 6.50602
0.129621 6.51105
0.12979 6.51607
0.129959 6.52109
0.130128 6.52611
0.130297 6.53114
0.130466 6.53616
0.130635 6.54118
0.130805 6.5462
0.130974 6.55122
0.131144 6.55624
0.131314 6.56126
0.131484 6.56628
0.131654 6.5713
0.131824 6.57632
0.131995 6.58133
0.132165 6.58635
0.132336 6.59137
0.132507 6.59639
0.132678 6.6014
0.132849 6.60642
0.13302 6.61144
0.133191 6.61645
0.133363 6.62147
0.133534 6.62648
0.133706 6.6315
0.133878 6.63651
0.13405 6.64153
0.134222 6.64654
0.134394 6.65155
0.134566 6.65657
0.134739 6.66158
0.134912 6.66659
0.135084 6.6716
0.135257 6.67662
0.13543 6.68163
0.135603 6.68664
0.135777 6.69165
0.13595 6.69666
0.136124 6.70167
0.136298 6.70668
0.136471 6.71169
0.136645 6.7167
0.13682 6.7217
0.136994 6.72671
0.137168 6.73172
0.137343 6.73673
0.137517 6.74173
0.137692 6.74674
0.137867 6.75175
0.138042 6.75675
0.138217 6.76176
0.138393 6.76676
0.138568 6.77177
0.138744 6.77677
0.13892 6.78178
0.139096 6.78678
0.139272 6.79178
0.139448 6.79679
0.139624 6.80179
0.139801 6.80679
0.139977 6.81179
0.140154 6.8168
0.140331 6.8218
0.140508 6.8268
0.140685 6.8318
0.140862 6.8368
0.141039 6.8418
0.141217 6.8468
0.141395 6.8518
0.141573 6.8568
0.14175 6.86179
0.141929 6.86679
0.142107 6.87179
0.142285 6.87679
0.142464 6.88178
0.142642 6.88678
0.142821 6.89178
0.143 6.89677
0.143179 6.90177
0.143358 6.90676
0.143538 6.91176
0.143717 6.91675
0.143897 6.92174
0.144077 6.92674
0.144256 6.93173
0.144436 6.93672
0.144617 6.94172
0.144797 6.94671
0.144977 6.9517
0.145158 6.95669
0.145339 6.96168
0.14552 6.96667
0.145701 6.97166
0.145882 6.97665
0.146063 6.98164
0.146245 6.98663
0.146426 6.99162
0.146608 6.99661
0.14679 7.00159
0.146972 7.00658
0.147154 7.01157
0.147336 7.01655
0.147519 7.02154
0.147701 7.02653
0.147884 7.03151
0.148067 7.0365
0.14825 7.04148
0.148433 7.04647
0.148616 7.05145
0.1488 7.05643
0.148983 7.06142
0.149167 7.0664
0.149351 7.07138
0.149535 7.07636
0.149719 7.08134
0.149903 7.08632
0.150088 7.09131
0.150272 7.09629
0.150457 7.10127
0.150642 7.10625
0.150827 7.11122
0.151012 7.1162
0.151197 7.12118
0.151383 7.12616
0.151568 7.13114
0.151754 7.13611
0.15194 7.14109
0.152126 7.14607
0.152312 7.15104
0.152498 7.15602
0.152685 7.16099
0.152871 7.16597
0.153058 7.17094
0.153245 7.17592
0.153432 7.18089
0.153619 7.18586
0.153807 7.19084
0.153994 7.19581
0.154182 7.20078
0.154369 7.20575
0.154557 7.21072
0.154745 7.21569
0.154934 7.22066
0.155122 7.22563
0.15531 7.2306
0.155499 7.23557
0.155688 7.24054
0.155877 7.24551
0.156066 7.25048
0.156255 7.25544
0.156444 7.26041
0.156634 7.26538
0.156824 7.27034
0.157013 7.27531
0.157203 7.28027
0.157393 7.28524
0.157584 7.2902
0.157774 7.29517
0.157965 7.30013
0.158155 7.30509
0.158346 7.31006
0.158537 7.31502
0.158728 7.31998
0.158919 7.32494
0.159111 7.3299
0.159302 7.33487
0.159494 7.33983
0.159686 7.34479
0.159878 7.34975
0.16007 7.3547
0.160263 7.35966
0.160455 7.36462
0.160648 7.36958
0.16084 7.37454
0.161033 7.37949
0.161226 7.38445
0.16142 7.38941
0.161613 7.39436
0.161807 7.39932
0.162 7.40427
0.162194 7.40923
0.162388 7.41418
0.162582 7.41913
0.162776 7.42409
0.162971 7.42904
0.163165 7.43399
0.16336 7.43894
0.163555 7.44389
0.16375 7.44885
0.163945 7.4538
0.164141 7.45875
0.164336 7.4637
0.164532 7.46865
0.164727 7.47359
0.164923 7.47854
0.16512 7.48349
0.165316 7.48844
0.165512 7.49338
0.165709 7.49833
0.165905 7.50328
0.166102 7.50822
0.166299 7.51317
0.166496 7.51811
0.166694 7.52306
0.166891 7.528
0.167089 7.53295
0.167287 7.53789
0.167484 7.54283
0.167683 7.54777
0.167881 7.55271
0.168079 7.55766
0.168278 7.5626
0.168476 7.56754
0.168675 7.57248
0.168874 7.57742
0.169073 7.58236
0.169273 7.58729
0.169472 7.59223
0.169672 7.59717
0.169872 7.60211
0.170071 7.60704
0.170272 7.61198
0.170472 7.61692
0.170672 7.62185
0.170873 7.62679
0.171073 7.63172
0.171274 7.63666
0.171475 7.64159
0.171676 7.64652
0.171878 7.65146
0.172079 7.65639
0.172281 7.66132
0.172483 7.66625
0.172685 7.67118
0.172887 7.67611
0.173089 7.68104
0.173291 7.68597
0.173494 7.6909
0.173697 7.69583
0.1739 7.70076
0.174103 7.70569
0.174306 7.71061
0.174509 7.71554
0.174713 7.72047
0.174916 7.72539
0.17512 7.73032
0.175324 7.73524
0.175528 7.74017
0.175733 7.74509
0.175937 7.75001
0.176142 7.75494
0.176347 7.75986
0.176552 7.76478
0.176757 7.7697
0.176962 7.77463
0.177167 7.77955
0.177373 7.78447
0.177579 7.78939
0.177785 7.79431
0.177991 7.79922
0.178197 7.80414
0.178403 7.80906
0.17861 7.81398
0.178816 7.81889
0.179023 7.82381
0.17923 7.82873
0.179438 7.83364
0.179645 7.83856
0.179852 7.84347
0.18006 7.84839
0.180268 7.8533
0.180476 7.85821
0.180684 7.86313
0.180892 7.86804
0.181101 7.87295
0.181309 7.87786
0.181518 7.88277
0.181727 7.88768
0.181936 7.89259
0.182145 7.8975
0.182355 7.90241
0.182564 7.90732
0.182774 7.91223
0.182984 7.91713
0.183194 7.92204
0.183404 7.92695
0.183615 7.93185
0.183825 7.93676
0.184036 7.94166
0.184247 7.94657
0.184458 7.95147
0.184669 7.95637
0.184881 7.96128
0.185092 7.96618
0.185304 7.97108
0.185516 7.97598
0.185728 7.98088
0.18594 7.98579
0.186152 7.99069
0.186365 7.99558
0.186578 8.00048
0.18679 8.00538
0.187004 8.01028
0.187217 8.01518
0.18743 8.02007
0.187644 8.02497
0.187857 8.02987
0.188071 8.03476
0.188285 8.03966
0.188499 8.04455
0.188714 8.04945
0.188928 8.05434
0.189143 8.05923
0.189358 8.06413
0.189573 8.06902
0.189788 8.07391
0.190003 8.0788
0.190219 8.08369
0.190434 8.08858
0.19065 8.09347
0.190866 8.09836
0.191082 8.10325
0.191299 8.10814
0.191515 8.11302
0.191732 8.11791
0.191949 8.1228
0.192166 8.12768
0.192383 8.13257
0.1926 8.13745
0.192818 8.14234
0.193035 8.14722
0.193253 8.1521
0.193471 8.15699
0.193689 8.16187
0.193908 8.16675
0.194126 8.17163
0.194345 8.17651
0.194564 8.18139
0.194783 8.18627
0.195002 8.19115
0.195221 8.19603
0.195441 8.20091
0.195661 8.20579
0.19588 8.21066
0.1961 8.21554
0.196321 8.22042
0.196541 8.22529
0.196762 8.23017
0.196982 8.23504
0.197203 8.23992
0.197424 8.24479
0.197645 8.24966
0.197867 8.25453
0.198088 8.25941
0.19831 8.26428
0.198532 8.26915
0.198754 8.27402
0.198976 8.27889
0.199199 8.28376
0.199421 8.28863
0.199644 8.29349
0.199867 8.29836
0.20009 8.30323
0.200313 8.3081
0.200537 8.31296
0.20076 8.31783
0.200984 8.32269
0.201208 8.32756
0.201432 8.33242
0.201657 8.33728
0.201881 8.34215
0.202106 8.34701
0.202331 8.35187
0.202556 8.35673
0.202781 8.36159
0.203006 8.36645
0.203232 8.37131
0.203457 8.37617
0.203683 8.38103
0.203909 8.38589
0.204135 8.39075
0.204362 8.3956
0.204588 8.40046
0.204815 8.40532
0.205042 8.41017
0.205269 8.41503
0.205496 8.41988
0.205724 8.42473
0.205951 8.42959
0.206179 8.43444
0.206407 8.43929
0.206635 8.44414
0.206863 8.44899
0.207092 8.45384
0.207321 8.45869
0.207549 8.46354
0.207778 8.46839
0.208008 8.47324
0.208237 8.47809
0.208466 8.48293
0.208696 8.48778
0.208926 8.49263
0.209156 8.49747
0.209386 8.50232
0.209617 8.50716
0.209847 8.512
0.210078 8.51685
0.210309 8.52169
0.21054 8.52653
0.210771 8.53137
0.211003 8.53621
0.211235 8.54105
0.211466 8.54589
0.211698 8.55073
0.211931 8.55557
0.212163 8.56041
0.212395 8.56525
0.212628 8.57008
0.212861 8.57492
0.213094 8.57976
0.213327 8.58459
0.213561 8.58943
0.213794 8.59426
0.214028 8.59909
0.214262 8.60393
0.214496 8.60876
0.214731 8.61359
0.214965 8.61842
0.2152 8.62325
0.215435 8.62808
0.21567 8.63291
0.215905 8.63774
0.21614 8.64257
0.216376 8.6474
0.216612 8.65223
0.216847 8.65705
0.217084 8.66188
0.21732 8.6667
0.217556 8.67153
0.217793 8.67635
0.21803 8.68118
0.218267 8.686
0.218504 8.69082
0.218741 8.69564
0.218979 8.70047
0.219217 8.70529
0.219455 8.71011
0.219693 8.71493
0.219931 8.71975
0.220169 8.72456
0.220408 8.72938
0.220647 8.7342
0.220886 8.73902
0.221125 8.74383
0.221365 8.74865
0.221604 8.75346
0.221844 8.75828
0.222084 8.76309
0.222324 8.7679
0.222564 8.77272
0.222805 8.77753
0.223045 8.78234
0.223286 8.78715
0.223527 8.79196
0.223768 8.79677
0.22401 8.80158
0.224251 8.80639
0.224493 8.8112
0.224735 8.816
0.224977 8.82081
0.225219 8.82562
0.225462 8.83042
0.225705 8.83523
0.225947 8.84003
0.22619 8.84483
0.226434 8.84964
0.226677 8.85444
0.226921 8.85924
0.227164 8.86404
0.227408 8.86884
0.227653 8.87364
0.227897 8.87844
0.228141 8.88324
0.228386 8.88804
0.228631 8.89284
0.228876 8.89764
0.229121 8.90243
0.229367 8.90723
0.229612 8.91202
0.229858 8.91682
0.230104 8.92161
0.23035 8.9264
0.230597 8.9312
0.230843 8.93599
0.23109 8.94078
0.231337 8.94557
0.231584 8.95036
0.231831 8.95515
0.232079 8.95994
0.232327 8.96473
0.232574 8.96952
0.232823 8.9743
0.233071 8.97909
0.233319 8.98388
0.233568 8.98866
0.233817 8.99345
0.234066 8.99823
0.234315 9.00301
0.234564 9.0078
0.234814 9.01258
0.235064 9.01736
0.235313 9.02214
0.235564 9.02692
0.235814 9.0317
0.236064 9.03648
0.236315 9.04126
0.236566 9.04604
0.236817 9.05082
0.237068 9.05559
0.23732 9.06037
0.237571 9.06514
0.237823 9.06992
0.238075 9.07469
0.238327 9.07947
0.23858 9.08424
0.238832 9.08901
0.239085 9.09378
0.239338 9.09855
0.239591 9.10332
0.239845 9.10809
0.240098 9.11286
0.240352 9.11763
0.240606 9.1224
0.24086 9.12717
0.241114 9.13193
0.241369 9.1367
0.241623 9.14146
0.241878 9.14623
0.242133 9.15099
0.242389 9.15576
0.242644 9.16052
0.2429 9.16528
0.243156 9.17004
0.243412 9.1748
0.243668 9.17956
0.243924 9.18432
0.244181 9.18908
0.244438 9.19384
0.244695 9.1986
0.244952 9.20335
0.245209 9.20811
0.245467 9.21287
0.245725 9.21762
0.245983 9.22237
0.246241 9.22713
0.246499 9.23188
0.246758 9.23663
0.247016 9.24139
0.247275 9.24614
0.247534 9.25089
0.247794 9.25564
0.248053 9.26039
0.248313 9.26513
0.248573 9.26988
0.248833 9.27463
0.249093 9.27938
0.249354 9.28412
0.249614 9.28887
0.249875 9.29361
0.250136 9.29835
0.250397 9.3031
0.250659 9.30784
0.25092 9.31258
0.251182 9.31732
0.251444 9.32206
0.251707 9.3268
0.251969 9.33154
0.252232 9.33628
0.252494 9.34102
0.252757 9.34576
0.253021 9.35049
0.253284 9.35523
0.253548 9.35996
0.253811 9.3647
0.254075 9.36943
0.25434 9.37417
0.254604 9.3789
0.254869 9.38363
0.255133 9.38836
0.255398 9.39309
0.255664 9.39782
0.255929 9.40255
0.256194 9.40728
0.25646 9.41201
0.256726 9.41673
0.256992 9.42146
0.257259 9.42619
0.257525 9.43091
0.257792 9.43564
0.258059 9.44036
0.258326 9.44508
0.258593 9.4498
0.258861 9.45453
0.259129 9.45925
0.259397 9.46397
0.259665 9.46869
0.259933 9.47341
0.260202 9.47813
0.26047 9.48284
0.260739 9.48756
0.261008 9.49228
0.261278 9.49699
0.261547 9.50171
0.261817 9.50642
0.262087 9.51113
0.262357 9.51585
0.262627 9.52056
0.262898 9.52527
0.263169 9.52998
0.26344 9.53469
0.263711 9.5394
0.263982 9.54411
0.264254 9.54882
0.264525 9.55353
0.264797 9.55823
0.265069 9.56294
0.265342 9.56764
0.265614 9.57235
0.265887 9.57705
0.26616 9.58175
0.266433 9.58646
0.266706 9.59116
0.26698 9.59586
0.267254 9.60056
0.267528 9.60526
0.267802 9.60996
0.268076 9.61466
0.268351 9.61935
0.268625 9.62405
0.2689 9.62875
0.269176 9.63344
0.269451 9.63814
0.269726 9.64283
0.270002 9.64753
0.270278 9.65222
0.270554 9.65691
0.270831 9.6616
0.271107 9.66629
0.271384 9.67098
0.271661 9.67567
0.271938 9.68036
0.272216 9.68505
0.272493 9.68973
0.272771 9.69442
0.273049 9.69911
0.273327 9.70379
0.273605 9.70848
0.273884 9.71316
0.274163 9.71784
0.274442 9.72252
0.274721 9.72721
0.275001 9.73189
0.27528 9.73657
0.27556 9.74124
0.27584 9.74592
0.27612 9.7506
0.276401 9.75528
0.276681 9.75995
0.276962 9.76463
0.277243 9.7693
0.277524 9.77398
0.277806 9.77865
0.278088 9.78333
0.278369 9.788
0.278652 9.79267
0.278934 9.79734
0.279216 9.80201
0.279499 9.80668
0.279782 9.81135
0.280065 9.81601
0.280348 9.82068
0.280632 9.82535
0.280916 9.83001
0.281199 9.83468
0.281484 9.83934
0.281768 9.84401
0.282052 9.84867
0.282337 9.85333
0.282622 9.85799
0.282907 9.86265
0.283193 9.86731
0.283478 9.87197
0.283764 9.87663
0.28405 9.88129
0.284336 9.88594
0.284623 9.8906
0.284909 9.89525
0.285196 9.89991
0.285483 9.90456
0.28577 9.90921
0.286058 9.91387
0.286346 9.91852
0.286633 9.92317
0.286921 9.92782
0.28721 9.93247
0.287498 9.93712
0.287787 9.94177
0.288076 9.94641
0.288365 9.95106
0.288654 9.9557
0.288944 9.96035
0.289234 9.96499
0.289523 9.96964
0.289814 9.97428
0.290104 9.97892
0.290395 9.98356
0.290685 9.9882
0.290976 9.99284
0.291268 9.99748
0.291559 10.0021
0.291851 10.0068
0.292142 10.0114
0.292434 10.016
0.292727 10.0207
0.293019 10.0253
0.293312 10.0299
0.293605 10.0346
0.293898 10.0392
0.294191 10.0438
0.294485 10.0485
0.294778 10.0531
0.295072 10.0577
0.295366 10.0623
0.295661 10.067
0.295955 10.0716
0.29625 10.0762
0.296545 10.0809
0.29684 10.0855
0.297136 10.0901
0.297431 10.0947
0.297727 10.0994
0.298023 10.104
0.298319 10.1086
0.298616 10.1132
0.298913 10.1178
0.299209 10.1225
0.299507 10.1271
0.299804 10.1317
0.300101 10.1363
0.300399 10.1409
0.300697 10.1455
0.300995 10.1501
0.301294 10.1548
0.301592 10.1594
0.301891 10.164
0.30219 10.1686
0.302489 10.1732
0.302789 10.1778
0.303088 10.1824
0.303388 10.187
0.303688 10.1916
0.303988 10.1962
0.304289 10.2009
0.30459 10.2055
0.304891 10.2101
0.305192 10.2147
0.305493 10.2193
0.305795 10.2239
0.306096 10.2285
0.306398 10.2331
0.306701 10.2377
0.307003 10.2423
0.307306 10.2469
0.307609 10.2515
0.307912 10.2561
0.308215 10.2607
0.308518 10.2652
0.308822 10.2698
0.309126 10.2744
0.30943 10.279
0.309734 10.2836
0.310039 10.2882
0.310344 10.2928
0.310649 10.2974
0.310954 10.302
0.311259 10.3066
0.311565 10.3112
0.311871 10.3157
0.312177 10.3203
0.312483 10.3249
0.31279 10.3295
0.313097 10.3341
0.313403 10.3387
0.313711 10.3432
0.314018 10.3478
0.314326 10.3524
0.314633 10.357
0.314941 10.3616
0.31525 10.3661
0.315558 10.3707
0.315867 10.3753
0.316176 10.3799
0.316485 10.3844
0.316794 10.389
0.317103 10.3936
0.317413 10.3982
0.317723 10.4027
0.318033 10.4073
0.318344 10.4119
0.318654 10.4164
0.318965 10.421
0.319276 10.4256
0.319587 10.4301
0.319899 10.4347
0.320211 10.4393
0.320523 10.4438
0.320835 10.4484
0.321147 10.453
0.32146 10.4575
0.321772 10.4621
0.322085 10.4666
0.322399 10.4712
0.322712 10.4758
0.323026 10.4803
0.32334 10.4849
0.323654 10.4894
0.323968 10.494
0.324282 10.4985
0.324597 10.5031
0.324912 10.5076
0.325227 10.5122
0.325543 10.5167
0.325858 10.5213
0.326174 10.5258
0.32649 10.5304
0.326806 10.5349
0.327123 10.5395
0.32744 10.544
0.327757 10.5486
0.328074 10.5531
0.328391 10.5577
0.328709 10.5622
0.329027 10.5668
0.329345 10.5713
0.329663 10.5758
0.329981 10.5804
0.3303 10.5849
0.330619 10.5895
0.330938 10.594
0.331257 10.5985
0.331577 10.6031
0.331897 10.6076
0.332217 10.6121
0.332537 10.6167
0.332857 10.6212
0.333178 10.6257
0.333499 10.6303
0.33382 10.6348
0.334141 10.6393
0.334463 10.6439
0.334785 10.6484
0.335107 10.6529
0.335429 10.6574
0.335751 10.662
0.336074 10.6665
0.336397 10.671
0.33672 10.6755
0.337043 10.68
0.337367 10.6846
0.337691 10.6891
0.338014 10.6936
0.338339 10.6981
0.338663 10.7026
0.338988 10.7072
0.339313 10.7117
0.339638 10.7162
0.339963 10.7207
0.340289 10.7252
0.340614 10.7297
0.34094 10.7342
0.341266 10.7388
0.341593 10.7433
0.34192 10.7478
0.342246 10.7523
0.342573 10.7568
0.342901 10.7613
0.343228 10.7658
0.343556 10.7703
0.343884 10.7748
0.344212 10.7793
0.344541 10.7838
0.344869 10.7883
0.345198 10.7928
0.345527 10.7973
0.345857 10.8018
0.346186 10.8063
0.346516 10.8108
0.346846 10.8153
0.347176 10.8198
0.347506 10.8243
0.347837 10.8288
0.348168 10.8333
0.348499 10.8378
0.34883 10.8423
0.349162 10.8468
0.349494 10.8513
0.349826 10.8558
0.350158 10.8602
0.35049 10.8647
0.350823 10.8692
0.351156 10.8737
0.351489 10.8782
0.351822 10.8827
0.352156 10.8872
0.35249 10.8916
0.352824 10.8961
0.353158 10.9006
0.353492 10.9051
0.353827 10.9096
0.354162 10.914
0.354497 10.9185
0.354832 10.923
0.355168 10.9275
0.355504 10.932
0.35584 10.9364
0.356176 10.9409
0.356513 10.9454
0.356849 10.9498
0.357186 10.9543
0.357523 10.9588
0.357861 10.9633
0.358198 10.9677
0.358536 10.9722
0.358874 10.9767
0.359213 10.9811
0.359551 10.9856
0.35989 10.9901
0.360229 10.9945
0.360568 10.999
0.360907 11.0034
0.361247 11.0079
0.361587 11.0124
0.361927 11.0168
0.362267 11.0213
0.362608 11.0257
0.362949 11.0302
0.36329 11.0346
0.363631 11.0391
0.363972 11.0436
0.364314 11.048
0.364656 11.0525
0.364998 11.0569
0.36534 11.0614
0.365683 11.0658
0.366026 11.0703
0.366369 11.0747
0.366712 11.0792
0.367055 11.0836
0.367399 11.088
0.367743 11.0925
0.368087 11.0969
0.368432 11.1014
0.368776 11.1058
0.369121 11.1103
0.369466 11.1147
0.369811 11.1191
0.370157 11.1236
0.370503 11.128
0.370849 11.1325
0.371195 11.1369
0.371541 11.1413
0.371888 11.1458
0.372235 11.1502
0.372582 11.1546
0.372929 11.1591
0.373277 11.1635
0.373625 11.1679
0.373973 11.1723
0.374321 11.1768
0.37467 11.1812
0.375018 11.1856
0.375367 11.1901
0.375716 11.1945
0.376066 11.1989
0.376416 11.2033
0.376765 11.2077
0.377115 11.2122
0.377466 11.2166
0.377816 11.221
0.378167 11.2254
0.378518 11.2298
0.378869 11.2343
0.379221 11.2387
0.379573 11.2431
0.379924 11.2475
0.380277 11.2519
0.380629 11.2563
0.380982 11.2607
0.381334 11.2652
0.381687 11.2696
0.382041 11.274
0.382394 11.2784
0.382748 11.2828
0.383102 11.2872
0.383456 11.2916
0.383811 11.296
0.384165 11.3004
0.38452 11.3048
0.384875 11.3092
0.385231 11.3136
0.385586 11.318
0.385942 11.3224
0.386298 11.3268
0.386655 11.3312
0.387011 11.3356
0.387368 11.34
0.387725 11.3444
0.388082 11.3488
0.388439 11.3532
0.388797 11.3576
0.389155 11.362
0.389513 11.3664
0.389871 11.3708
0.39023 11.3751
0.390589 11.3795
0.390948 11.3839
0.391307 11.3883
0.391667 11.3927
0.392026 11.3971
0.392386 11.4015
0.392747 11.4058
0.393107 11.4102
0.393468 11.4146
0.393829 11.419
0.39419 11.4234
0.394551 11.4277
0.394913 11.4321
0.395274 11.4365
0.395637 11.4409
0.395999 11.4452
0.396361 11.4496
0.396724 11.454
0.397087 11.4584
0.39745 11.4627
0.397814 11.4671
0.398177 11.4715
0.398541 11.4758
0.398905 11.4802
0.39927 11.4846
0.399634 11.4889
0.399999 11.4933
0.400364 11.4977
0.40073 11.502
0.401095 11.5064
0.401461 11.5108
0.401827 11.5151
0.402193 11.5195
0.40256 11.5238
0.402926 11.5282
0.403293 11.5326
0.40366 11.5369
0.404028 11.5413
0.404395 11.5456
0.404763 11.55
0.405131 11.5543
0.4055 11.5587
0.405868 11.563
0.406237 11.5674
0.406606 11.5717
0.406975 11.5761
0.407345 11.5804
0.407714 11.5848
0.408084 11.5891
0.408455 11.5935
0.408825 11.5978
0.409196 11.6021
0.409567 11.6065
0.409938 11.6108
0.410309 11.6152
0.410681 11.6195
0.411052 11.6239
0.411424 11.6282
0.411797 11.6325
0.412169 11.6369
0.412542 11.6412
0.412915 11.6455
0.413288 11.6499
0.413662 11.6542
0.414035 11.6585
0.414409 11.6629
0.414783 11.6672
0.415158 11.6715
0.415532 11.6758
0.415907 11.6802
0.416282 11.6845
0.416658 11.6888
0.417033 11.6931
0.417409 11.6975
0.417785 11.7018
0.418161 11.7061
0.418538 11.7104
0.418915 11.7148
0.419292 11.7191
0.419669 11.7234
0.420046 11.7277
0.420424 11.732
0.420802 11.7363
0.42118 11.7407
0.421558 11.745
0.421937 11.7493
0.422316 11.7536
0.422695 11.7579
0.423074 11.7622
0.423454 11.7665
0.423834 11.7708
0.424214 11.7751
0.424594 11.7794
0.424974 11.7837
0.425355 11.7881
0.425736 11.7924
0.426117 11.7967
0.426499 11.801
0.42688 11.8053
0.427262 11.8096
0.427644 11.8139
0.428027 11.8182
0.428409 11.8225
0.428792 11.8268
0.429175 11.831
0.429559 11.8353
0.429942 11.8396
0.430326 11.8439
0.43071 11.8482
0.431094 11.8525
0.431479 11.8568
0.431864 11.8611
0.432249 11.8654
0.432634 11.8697
0.433019 11.874
0.433405 11.8782
0.433791 11.8825
0.434177 11.8868
0.434564 11.8911
0.43495 11.8954
0.435337 11.8997
0.435724 11.9039
0.436112 11.9082
0.436499 11.9125
0.436887 11.9168
0.437275 11.921
0.437663 11.9253
0.438052 11.9296
0.438441 11.9339
0.43883 11.9381
0.439219 11.9424
0.439608 11.9467
0.439998 11.951
0.440388 11.9552
0.440778 11.9595
0.441169 11.9638
0.441559 11.968
0.44195 11.9723
0.442342 11.9766
0.442733 11.9808
0.443125 11.9851
0.443516 11.9894
0.443909 11.9936
0.444301 11.9979
0.444693 12.0021
0.445086 12.0064
0.445479 12.0107
0.445873 12.0149
0.446266 12.0192
0.44666 12.0234
0.447054 12.0277
0.447448 12.0319
0.447843 12.0362
0.448237 12.0404
0.448632 12.0447
0.449028 12.0489
0.449423 12.0532
0.449819 12.0574
0.450215 12.0617
0.450611 12.0659
0.451007 12.0702
0.451404 12.0744
0.451801 12.0787
0.452198 12.0829
0.452595 12.0871
0.452993 12.0914
0.453391 12.0956
0.453789 12.0999
0.454187 12.1041
0.454586 12.1083
0.454985 12.1126
0.455384 12.1168
0.455783 12.121
0.456182 12.1253
0.456582 12.1295
0.456982 12.1337
0.457382 12.138
0.457783 12.1422
0.458184 12.1464
0.458585 12.1507
0.458986 12.1549
0.459387 12.1591
0.459789 12.1633
0.460191 12.1676
0.460593 12.1718
0.460995 12.176
0.461398 12.1802
0.461801 12.1844
0.462204 12.1887
0.462607 12.1929
0.463011 12.1971
0.463415 12.2013
0.463819 12.2055
0.464223 12.2098
0.464628 12.214
0.465033 12.2182
0.465438 12.2224
0.465843 12.2266
0.466249 12.2308
0.466654 12.235
0.46706 12.2392
0.467467 12.2434
0.467873 12.2477
0.46828 12.2519
0.468687 12.2561
0.469094 12.2603
0.469502 12.2645
0.469909 12.2687
0.470317 12.2729
0.470726 12.2771
0.471134 12.2813
0.471543 12.2855
0.471952 12.2897
0.472361 12.2939
0.47277 12.2981
0.47318 12.3023
0.47359 12.3065
0.474 12.3107
0.47441 12.3149
0.474821 12.319
0.475232 12.3232
0.475643 12.3274
0.476054 12.3316
0.476466 12.3358
0.476878 12.34
0.47729 12.3442
0.477702 12.3484
0.478115 12.3525
0.478528 12.3567
0.478941 12.3609
0.479354 12.3651
0.479768 12.3693
0.480181 12.3735
0.480595 12.3776
0.48101 12.3818
0.481424 12.386
0.481839 12.3902
0.482254 12.3943
0.482669 12.3985
0.483085 12.4027
0.483501 12.4069
0.483917 12.411
0.484333 12.4152
0.484749 12.4194
0.485166 12.4236
0.485583 12.4277
0.486 12.4319
0.486418 12.4361
0.486835 12.4402
0.487253 12.4444
0.487672 12.4486
0.48809 12.4527
0.488509 12.4569
0.488928 12.461
0.489347 12.4652
0.489766 12.4694
0.490186 12.4735
0.490606 12.4777
0.491026 12.4818
0.491446 12.486
0.491867 12.4902
0.492288 12.4943
0.492709 12.4985
0.493131 12.5026
0.493552 12.5068
0.493974 12.5109
0.494396 12.5151
0.494819 12.5192
0.495241 12.5234
0.495664 12.5275
0.496087 12.5317
0.496511 12.5358
0.496934 12.5399
0.497358 12.5441
0.497782 12.5482
0.498207 12.5524
0.498631 12.5565
0.499056 12.5607
0.499481 12.5648
0.499907 12.5689
0.500332 12.5731
0.500758 12.5772
0.501184 12.5813
0.50161 12.5855
0.502037 12.5896
0.502464 12.5937
0.502891 12.5979
0.503318 12.602
0.503746 12.6061
0.504174 12.6103
0.504602 12.6144
0.50503 12.6185
0.505459 12.6227
0.505887 12.6268
0.506317 12.6309
0.506746 12.635
0.507175 12.6392
0.507605 12.6433
0.508035 12.6474
0.508466 12.6515
0.508896 12.6556
0.509327 12.6598
0.509758 12.6639
0.510189 12.668
0.510621 12.6721
0.511053 12.6762
0.511485 12.6803
0.511917 12.6845
0.51235 12.6886
0.512783 12.6927
0.513216 12.6968
0.513649 12.7009
0.514083 12.705
0.514516 12.7091
0.51495 12.7132
0.515385 12.7173
0.515819 12.7214
0.516254 12.7255
0.516689 12.7296
0.517125 12.7337
0.51756 12.7379
0.517996 12.742
0.518432 12.7461
0.518868 12.7502
0.519305 12.7543
0.519742 12.7583
0.520179 12.7624
0.520616 12.7665
0.521054 12.7706
0.521492 12.7747
0.52193 12.7788
0.522368 12.7829
0.522807 12.787
0.523246 12.7911
0.523685 12.7952
0.524124 12.7993
0.524564 12.8034
0.525004 12.8075
0.525444 12.8115
0.525884 12.8156
0.526325 12.8197
0.526765 12.8238
0.527207 12.8279
0.527648 12.832
0.52809 12.836
0.528532 12.8401
0.528974 12.8442
0.529416 12.8483
0.529859 12.8524
0.530302 12.8564
0.530745 12.8605
0.531188 12.8646
0.531632 12.8687
0.532076 12.8727
0.53252 12.8768
0.532964 12.8809
0.533409 12.8849
0.533854 12.889
0.534299 12.8931
0.534745 12.8972
0.53519 12.9012
0.535636 12.9053
0.536083 12.9094
0.536529 12.9134
0.536976 12.9175
0.537423 12.9215
0.53787 12.9256
0.538318 12.9297
0.538765 12.9337
0.539213 12.9378
0.539662 12.9418
0.54011 12.9459
0.540559 12.95
0.541008 12.954
0.541457 12.9581
0.541907 12.9621
0.542357 12.9662
0.542807 12.9702
0.543257 12.9743
0.543708 12.9783
0.544158 12.9824
0.54461 12.9864
0.545061 12.9905
0.545513 12.9945
0.545964 12.9986
0.546417 13.0026
0.546869 13.0067
0.547322 13.0107
0.547774 13.0148
0.548228 13.0188
0.548681 13.0228
0.549135 13.0269
0.549589 13.0309
0.550043 13.035
0.550497 13.039
0.550952 13.043
0.551407 13.0471
0.551862 13.0511
0.552318 13.0551
0.552774 13.0592
0.55323 13.0632
0.553686 13.0672
0.554142 13.0713
0.554599 13.0753
0.555056 13.0793
0.555514 13.0834
0.555971 13.0874
0.556429 13.0914
0.556887 13.0954
0.557345 13.0995
0.557804 13.1035
0.558263 13.1075
0.558722 13.1115
0.559181 13.1156
0.559641 13.1196
0.560101 13.1236
0.560561 13.1276
0.561022 13.1316
0.561482 13.1356
0.561943 13.1397
0.562405 13.1437
0.562866 13.1477
0.563328 13.1517
0.56379 13.1557
0.564252 13.1597
0.564715 13.1637
0.565178 13.1678
0.565641 13.1718
0.566104 13.1758
0.566568 13.1798
0.567032 13.1838
0.567496 13.1878
0.56796 13.1918
0.568425 13.1958
0.56889 13.1998
0.569355 13.2038
0.56982 13.2078
0.570286 13.2118
0.570752 13.2158
0.571218 13.2198
0.571685 13.2238
0.572152 13.2278
0.572619 13.2318
0.573086 13.2358
0.573554 13.2398
0.574021 13.2438
0.57449 13.2478
0.574958 13.2518
0.575427 13.2558
0.575896 13.2598
0.576365 13.2638
0.576834 13.2677
0.577304 13.2717
0.577774 13.2757
0.578244 13.2797
0.578715 13.2837
0.579185 13.2877
0.579656 13.2917
0.580128 13.2956
0.580599 13.2996
0.581071 13.3036
0.581543 13.3076
0.582016 13.3116
0.582488 13.3156
0.582961 13.3195
0.583434 13.3235
0.583908 13.3275
0.584382 13.3315
0.584856 13.3354
0.58533 13.3394
0.585804 13.3434
0.586279 13.3474
0.586754 13.3513
0.58723 13.3553
0.587705 13.3593
0.588181 13.3632
0.588657 13.3672
0.589134 13.3712
0.58961 13.3751
0.590087 13.3791
0.590565 13.3831
0.591042 13.387
0.59152 13.391
0.591998 13.395
0.592476 13.3989
0.592955 13.4029
0.593434 13.4069
0.593913 13.4108
0.594392 13.4148
0.594872 13.4187
0.595352 13.4227
0.595832 13.4266
0.596313 13.4306
0.596794 13.4346
0.597275 13.4385
0.597756 13.4425
0.598237 13.4464
0.598719 13.4504
0.599201 13.4543
0.599684 13.4583
0.600167 13.4622
0.60065 13.4662
0.601133 13.4701
0.601616 13.4741
0.6021 13.478
0.602584 13.4819
0.603068 13.4859
0.603553 13.4898
0.604038 13.4938
0.604523 13.4977
0.605009 13.5017
0.605494 13.5056
0.60598 13.5095
0.606467 13.5135
0.606953 13.5174
0.60744 13.5214
0.607927 13.5253
0.608414 13.5292
0.608902 13.5332
0.60939 13.5371
0.609878 13.541
0.610367 13.545
0.610855 13.5489
0.611344 13.5528
0.611834 13.5567
0.612323 13.5607
0.612813 13.5646
0.613303 13.5685
0.613794 13.5725
0.614284 13.5764
0.614775 13.5803
0.615267 13.5842
0.615758 13.5882
0.61625 13.5921
0.616742 13.596
0.617234 13.5999
0.617727 13.6038
0.61822 13.6078
0.618713 13.6117
0.619207 13.6156
0.6197 13.6195
0.620195 13.6234
0.620689 13.6273
0.621183 13.6313
0.621678 13.6352
0.622174 13.6391
0.622669 13.643
0.623165 13.6469
0.623661 13.6508
0.624157 13.6547
0.624654 13.6586
0.62515 13.6625
0.625648 13.6664
0.626145 13.6704
0.626643 13.6743
0.627141 13.6782
0.627639 13.6821
0.628138 13.686
0.628636 13.6899
0.629136 13.6938
0.629635 13.6977
0.630135 13.7016
0.630635 13.7055
0.631135 13.7094
0.631636 13.7133
0.632136 13.7172
0.632637 13.7211
0.633139 13.725
0.633641 13.7289
0.634143 13.7327
0.634645 13.7366
0.635147 13.7405
0.63565 13.7444
0.636153 13.7483
0.636657 13.7522
0.63716 13.7561
0.637664 13.76
0.638169 13.7639
0.638673 13.7678
0.639178 13.7716
0.639683 13.7755
0.640189 13.7794
0.640694 13.7833
0.6412 13.7872
0.641706 13.7911
0.642213 13.7949
0.64272 13.7988
0.643227 13.8027
0.643734 13.8066
0.644242 13.8105
0.64475 13.8143
0.645258 13.8182
0.645767 13.8221
0.646276 13.826
0.646785 13.8298
0.647295 13.8337
0.647804 13.8376
0.648314 13.8415
0.648825 13.8453
0.649335 13.8492
0.649846 13.8531
0.650357 13.8569
0.650869 13.8608
0.651381 13.8647
0.651893 13.8685
0.652405 13.8724
0.652918 13.8763
0.653431 13.8801
0.653944 13.884
0.654457 13.8879
0.654971 13.8917
0.655485 13.8956
0.656 13.8994
0.656514 13.9033
0.657029 13.9072
0.657545 13.911
0.65806 13.9149
0.658576 13.9187
0.659092 13.9226
0.659609 13.9264
0.660126 13.9303
0.660643 13.9341
0.66116 13.938
0.661678 13.9418
0.662196 13.9457
0.662714 13.9495
0.663232 13.9534
0.663751 13.9572
0.66427 13.9611
0.66479 13.9649
0.665309 13.9688
0.665829 13.9726
0.66635 13.9765
0.66687 13.9803
0.667391 13.9842
0.667912 13.988
0.668434 13.9918
0.668956 13.9957
0.669478 13.9995
0.670001 14.0034
0.670523 14.0072
0.671046 14.011
0.671569 14.0149
0.672093 14.0187
0.672617 14.0226
0.673141 14.0264
0.673665 14.0302
0.674191 14.0341
0.674715 14.0379
0.675241 14.0417
0.675766 14.0456
0.676293 14.0494
0.676818 14.0532
0.677346 14.057
0.677872 14.0609
0.6784 14.0647
0.678927 14.0685
0.679455 14.0723
0.679982 14.0762
0.680511 14.08
0.68104 14.0838
0.681569 14.0876
0.682098 14.0915
0.682628 14.0953
0.683157 14.0991
0.683688 14.1029
0.684218 14.1067
0.684749 14.1106
0.68528 14.1144
0.685812 14.1182
0.686343 14.122
0.686876 14.1258
0.687407 14.1296
0.687941 14.1335
0.688473 14.1373
0.689007 14.1411
0.68954 14.1449
0.690074 14.1487
0.690608 14.1525
0.691143 14.1563
0.691678 14.1601
0.692213 14.1639
0.692748 14.1678
0.693284 14.1716
0.69382 14.1754
0.694356 14.1792
0.694893 14.183
0.69543 14.1868
0.695967 14.1906
0.696505 14.1944
0.697042 14.1982
0.697581 14.202
0.698119 14.2058
0.698658 14.2096
0.699197 14.2134
0.699736 14.2172
0.700276 14.221
0.700816 14.2248
0.701356 14.2286
0.701897 14.2324
0.702438 14.2362
0.702979 14.24
0.703521 14.2437
0.704063 14.2475
0.704605 14.2513
0.705147 14.2551
0.70569 14.2589
0.706233 14.2627
0.706777 14.2665
0.70732 14.2703
0.707864 14.2741
0.708409 14.2778
0.708953 14.2816
0.709498 14.2854
0.710044 14.2892
0.710589 14.293
0.711135 14.2968
0.711682 14.3005
0.712228 14.3043
0.712775 14.3081
0.713322 14.3119
0.71387 14.3157
0.714418 14.3194
0.714966 14.3232
0.715514 14.327
0.716063 14.3308
0.716612 14.3345
0.717161 14.3383
0.717711 14.3421
0.718261 14.3459
0.718811 14.3496
0.719362 14.3534
0.719913 14.3572
0.720464 14.361
0.721016 14.3647
0.721568 14.3685
0.72212 14.3723
0.722673 14.376
0.723226 14.3798
0.723779 14.3836
0.724332 14.3873
0.724886 14.3911
0.72544 14.3949
0.725995 14.3986
0.72655 14.4024
0.727105 14.4061
0.72766 14.4099
0.728216 14.4137
0.728772 14.4174
0.729328 14.4212
0.729885 14.4249
0.730442 14.4287
0.730999 14.4325
0.731557 14.4362
0.732115 14.44
0.732673 14.4437
0.733232 14.4475
0.733791 14.4512
0.73435 14.455
0.73491 14.4587
0.73547 14.4625
0.73603 14.4662
0.736591 14.47
0.737152 14.4737
0.737713 14.4775
0.738274 14.4812
0.738836 14.485
0.739399 14.4887
0.739961 14.4925
0.740524 14.4962
0.741087 14.4999
0.741651 14.5037
0.742214 14.5074
0.742779 14.5112
0.743343 14.5149
0.743908 14.5187
0.744473 14.5224
0.745038 14.5261
0.745604 14.5299
0.74617 14.5336
0.746737 14.5373
0.747304 14.5411
0.747871 14.5448
0.748438 14.5486
0.749006 14.5523
0.749574 14.556
0.750142 14.5598
0.750711 14.5635
0.75128 14.5672
0.751849 14.5709
0.752419 14.5747
0.752989 14.5784
0.75356 14.5821
0.75413 14.5859
0.754701 14.5896
0.755273 14.5933
0.755844 14.597
0.756416 14.6008
0.756989 14.6045
0.757561 14.6082
0.758134 14.6119
0.758708 14.6157
0.759282 14.6194
0.759856 14.6231
0.76043 14.6268
0.761005 14.6305
0.76158 14.6343
0.762155 14.638
0.762731 14.6417
0.763307 14.6454
0.763883 14.6491
0.76446 14.6528
0.765037 14.6566
0.765614 14.6603
0.766192 14.664
0.76677 14.6677
0.767348 14.6714
0.767927 14.6751
0.768506 14.6788
0.769085 14.6825
0.769665 14.6863
0.770245 14.69
0.770825 14.6937
0.771406 14.6974
0.771987 14.7011
0.772568 14.7048
0.77315 14.7085
0.773732 14.7122
0.774315 14.7159
0.774897 14.7196
0.77548 14.7233
0.776064 14.727
0.776648 14.7307
0.777232 14.7344
0.777816 14.7381
0.778401 14.7418
0.778986 14.7455
0.779571 14.7492
0.780157 14.7529
0.780743 14.7566
0.78133 14.7603
0.781917 14.764
0.782504 14.7677
0.783091 14.7714
0.783679 14.7751
0.784267 14.7788
0.784856 14.7824
0.785444 14.7861
0.786034 14.7898
0.786623 14.7935
0.787213 14.7972
0.787803 14.8009
0.788394 14.8046
0.788985 14.8083
0.789576 14.812
0.790168 14.8156
0.79076 14.8193
0.791352 14.823
0.791944 14.8267
0.792537 14.8304
0.793131 14.8341
0.793724 14.8377
0.794318 14.8414
0.794913 14.8451
0.795508 14.8488
0.796103 14.8525
0.796698 14.8561
0.797294 14.8598
0.79789 14.8635
0.798486 14.8672
0.799083 14.8708
0.79968 14.8745
0.800278 14.8782
0.800875 14.8819
0.801474 14.8855
0.802072 14.8892
0.802671 14.8929
0.80327 14.8965
0.80387 14.9002
0.80447 14.9039
0.80507 14.9076
0.805671 14.9112
0.806272 14.9149
0.806873 14.9186
0.807475 14.9222
0.808077 14.9259
0.808679 14.9296
0.809282 14.9332
0.809885 14.9369
0.810488 14.9405
0.811092 14.9442
0.811696 14.9479
0.8123 14.9515
0.812905 14.9552
0.81351 14.9588
0.814116 14.9625
0.814722 14.9662
0.815328 14.9698
0.815935 14.9735
0.816542 14.9771
0.817149 14.9808
0.817757 14.9844
0.818365 14.9881
0.818973 14.9918
0.819582 14.9954
0.820191 14.9991
0.8208 15.0027
0.82141 15.0064
0.82202 15.01
0.822631 15.0137
0.823242 15.0173
0.823853 15.021
0.824464 15.0246
0.825076 15.0282
0.825689 15.0319
0.826301 15.0355
0.826914 15.0392
0.827528 15.0428
0.828141 15.0465
0.828755 15.0501
0.82937 15.0538
0.829985 15.0574
0.8306 15.061
0.831215 15.0647
0.831831 15.0683
0.832447 15.072
0.833064 15.0756
0.833681 15.0792
0.834298 15.0829
0.834916 15.0865
0.835534 15.0901
0.836152 15.0938
0.836771 15.0974
0.83739 15.1011
0.83801 15.1047
0.83863 15.1083
0.83925 15.1119
0.83987 15.1156
0.840491 15.1192
0.841113 15.1228
0.841734 15.1265
0.842356 15.1301
0.842979 15.1337
0.843602 15.1374
0.844225 15.141
0.844848 15.1446
0.845472 15.1482
0.846096 15.1519
0.846721 15.1555
0.847346 15.1591
0.847971 15.1627
0.848597 15.1663
0.849223 15.17
0.849849 15.1736
0.850476 15.1772
0.851103 15.1808
0.851731 15.1845
0.852359 15.1881
0.852987 15.1917
0.853615 15.1953
0.854244 15.1989
0.854874 15.2025
0.855504 15.2062
0.856134 15.2098
0.856764 15.2134
0.857395 15.217
0.858026 15.2206
0.858658 15.2242
0.85929 15.2278
0.859922 15.2314
0.860555 15.2351
0.861188 15.2387
0.861821 15.2423
0.862455 15.2459
0.863089 15.2495
0.863724 15.2531
0.864359 15.2567
0.864994 15.2603
0.86563 15.2639
0.866266 15.2675
0.866902 15.2711
0.867539 15.2747
0.868176 15.2783
0.868813 15.2819
0.869451 15.2855
0.87009 15.2891
0.870728 15.2927
0.871367 15.2963
0.872007 15.2999
0.872647 15.3035
0.873287 15.3071
0.873927 15.3107
0.874568 15.3143
0.875209 15.3179
0.875851 15.3215
0.876493 15.3251
0.877136 15.3287
0.877778 15.3323
0.878421 15.3359
0.879065 15.3395
0.879709 15.3431
0.880353 15.3467
0.880998 15.3502
0.881643 15.3538
0.882288 15.3574
0.882934 15.361
0.883581 15.3646
0.884227 15.3682
0.884874 15.3718
0.885521 15.3754
0.886169 15.3789
0.886817 15.3825
0.887466 15.3861
0.888115 15.3897
0.888764 15.3933
0.889413 15.3969
0.890063 15.4004
0.890714 15.404
0.891365 15.4076
0.892016 15.4112
0.892667 15.4148
0.893319 15.4183
0.893972 15.4219
0.894624 15.4255
0.895277 15.4291
0.895931 15.4326
0.896585 15.4362
0.897239 15.4398
0.897894 15.4434
0.898549 15.4469
0.899204 15.4505
0.89986 15.4541
0.900516 15.4577
0.901172 15.4612
0.901829 15.4648
0.902487 15.4684
0.903144 15.4719
0.903802 15.4755
0.904461 15.4791
0.90512 15.4826
0.905779 15.4862
0.906439 15.4898
0.907099 15.4933
0.907759 15.4969
0.90842 15.5005
0.909081 15.504
0.909743 15.5076
0.910405 15.5112
0.911067 15.5147
0.91173 15.5183
0.912393 15.5218
0.913057 15.5254
0.913721 15.529
0.914385 15.5325
0.91505 15.5361
0.915715 15.5396
0.91638 15.5432
0.917046 15.5467
0.917712 15.5503
0.918379 15.5538
0.919046 15.5574
0.919714 15.561
0.920382 15.5645
0.92105 15.5681
0.921718 15.5716
0.922388 15.5752
0.923057 15.5787
0.923727 15.5823
0.924397 15.5858
0.925068 15.5894
0.925739 15.5929
0.92641 15.5965
0.927082 15.6
0.927754 15.6036
0.928427 15.6071
0.9291 15.6106
0.929773 15.6142
0.930447 15.6177
0.931121 15.6213
0.931796 15.6248
0.932471 15.6284
0.933146 15.6319
0.933822 15.6354
0.934498 15.639
0.935175 15.6425
0.935852 15.6461
0.936529 15.6496
0.937207 15.6531
0.937885 15.6567
0.938564 15.6602
0.939243 15.6637
0.939922 15.6673
0.940602 15.6708
0.941282 15.6744
0.941963 15.6779
0.942644 15.6814
0.943325 15.6849
0.944007 15.6885
0.944689 15.692
0.945372 15.6955
0.946055 15.6991
0.946738 15.7026
0.947422 15.7061
0.948106 15.7097
0.948791 15.7132
0.949476 15.7167
0.950161 15.7202
0.950847 15.7238
0.951533 15.7273
0.95222 15.7308
0.952907 15.7343
0.953595 15.7379
0.954282 15.7414
0.954971 15.7449
0.955659 15.7484
0.956349 15.752
0.957038 15.7555
0.957728 15.759
0.958418 15.7625
0.959109 15.766
0.9598 15.7695
0.960492 15.7731
0.961184 15.7766
0.961876 15.7801
0.962569 15.7836
0.963262 15.7871
0.963956 15.7906
0.96465 15.7942
0.965344 15.7977
0.966039 15.8012
0.966734 15.8047
0.96743 15.8082
0.968126 15.8117
0.968822 15.8152
0.969519 15.8187
0.970217 15.8222
0.970914 15.8258
0.971612 15.8293
0.972311 15.8328
0.97301 15.8363
0.973709 15.8398
0.974409 15.8433
0.975109 15.8468
0.97581 15.8503
0.976511 15.8538
0.977212 15.8573
0.977914 15.8608
0.978616 15.8643
0.979319 15.8678
0.980022 15.8713
0.980726 15.8748
0.98143 15.8783
0.982134 15.8818
0.982839 15.8853
0.983544 15.8888
0.98425 15.8923
0.984956 15.8958
0.985662 15.8993
0.986369 15.9028
0.987076 15.9063
0.987784 15.9098
0.988492 15.9133
0.989201 15.9168
0.98991 15.9203
0.990619 15.9238
0.991329 15.9273
0.992039 15.9307
0.99275 15.9342
0.993461 15.9377
0.994172 15.9412
0.994884 15.9447
0.995597 15.9482
0.996309 15.9517
0.997022 15.9552
0.997736 15.9587
0.99845 15.9621
0.999165 15.9656
0.999879 15.9691
1.00059 15.9726
