0.000449629 -7.93329e-05 2.46363e-05 0.0295051 -2.85106e-07 -0.00278562 3.32247e-06
0.000909313 -0.000234241 7.33313e-05 0.0589548 1.38655e-05 -0.00552536 9.96633e-06
0.00138336 -0.000459179 0.000145237 0.0883596 4.79554e-05 -0.00820516 1.99374e-05
0.00187922 -0.000746558 0.000239029 0.11775 0.000116314 -0.010804 3.33048e-05
0.00239904 -0.00108904 0.000353069 0.147136 0.000226134 -0.0133183 5.01233e-05
0.00294434 -0.00147958 0.000485249 0.176528 0.000385992 -0.0157475 7.04632e-05
0.00351521 -0.00191218 0.00063326 0.205932 0.000601513 -0.0180958 9.43815e-05
0.00411113 -0.0023821 0.000794765 0.235359 0.000876244 -0.0203709 0.00012193
0.00473137 -0.00288581 0.000967573 0.264826 0.00121156 -0.0225815 0.000153153
0.00537528 -0.0034209 0.00114978 0.294358 0.0016071 -0.024737 0.000188096
0.00604198 -0.00398537 0.00133962 0.323961 0.0020613 -0.0268447 0.000226782
0.00673081 -0.00457772 0.00153569 0.353641 0.00257146 -0.0289108 0.000269226
0.00744098 -0.00519676 0.00173667 0.383395 0.00313462 -0.0309408 0.000315432
0.00817146 -0.00584097 0.00194137 0.413197 0.00374724 -0.0329372 0.000365363
0.0089212 -0.00650886 0.00214867 0.443019 0.00440561 -0.0349018 0.000418962
0.00969042 -0.00719998 0.00235789 0.47287 0.0051074 -0.0368384 0.000476254
0.01048 -0.00791461 0.00256872 0.502786 0.00585032 -0.0387521 0.000537304
0.0112907 -0.00865275 0.00278069 0.532784 0.00663328 -0.040646 0.000602187
0.012123 -0.00941402 0.00299331 0.562864 0.00745444 -0.0425215 0.000670934
0.0129772 -0.0101979 0.00320608 0.593021 0.00831208 -0.0443799 0.000743566
0.0138536 -0.0110039 0.00341855 0.623246 0.00920468 -0.0462217 0.000820107
0.0147526 -0.0118316 0.00363025 0.653535 0.010131 -0.048048 0.000900584
0.0156749 -0.0126804 0.00384085 0.683882 0.0110896 -0.0498587 0.000985017
0.0166209 -0.0135498 0.00404994 0.714283 0.0120796 -0.0516547 0.00107344
0.0175913 -0.0144396 0.00425715 0.744734 0.0131 -0.0534363 0.00116588
0.0185866 -0.0153491 0.00446213 0.77523 0.0141498 -0.0552038 0.00126237
0.0196074 -0.0162779 0.00466457 0.805767 0.0152284 -0.0569577 0.00136293
0.0206545 -0.0172258 0.00486413 0.836343 0.0163348 -0.0586981 0.00146759
0.0217285 -0.0181922 0.00506054 0.866956 0.0174686 -0.0604255 0.0015764
0.0228301 -0.0191769 0.00525351 0.897604 0.018629 -0.0621402 0.00168937
0.0239602 -0.0201795 0.00544275 0.928286 0.0198155 -0.0638425 0.00180654
0.0251193 -0.0211996 0.00562802 0.958999 0.0210276 -0.0655328 0.00192795
0.0263083 -0.022237 0.00580904 0.989743 0.0222645 -0.0672112 0.00205361
0.0275278 -0.0232913 0.00598557 1.02052 0.0235259 -0.0688781 0.00218356
0.0287787 -0.0243622 0.00615737 1.05131 0.0248113 -0.0705338 0.00231782
0.0300615 -0.0254495 0.00632421 1.08214 0.02612 -0.0721785 0.00245642
0.0313771 -0.0265528 0.00648586 1.11299 0.0274516 -0.0738126 0.00259937
0.0327261 -0.0276719 0.00664211 1.14386 0.0288056 -0.0754364 0.00274669
0.0341093 -0.0288066 0.00679275 1.17475 0.0301816 -0.07705 0.00289841
0.0355274 -0.0299567 0.00693757 1.20566 0.0315791 -0.0786539 0.00305454
0.0369812 -0.0311219 0.00707639 1.23659 0.0329976 -0.0802482 0.00321511
0.0384714 -0.0323021 0.00720902 1.26754 0.0344367 -0.0818333 0.00338011
0.0399986 -0.0334969 0.00733529 1.29851 0.0358959 -0.0834093 0.00354958
0.0415638 -0.0347064 0.00745501 1.32949 0.0373748 -0.0849766 0.00372352
0.0431675 -0.0359302 0.00756805 1.36049 0.0388731 -0.0865354 0.00390194
0.0448105 -0.0371683 0.00767423 1.3915 0.0403902 -0.0880857 0.00408487
0.0464937 -0.0384203 0.00777342 1.42252 0.0419258 -0.0896279 0.0042723
0.0482177 -0.0396863 0.00786549 1.45356 0.0434795 -0.0911619 0.00446425
0.0499833 -0.0409659 0.0079503 1.4846 0.0450509 -0.0926881 0.00466074
0.0517913 -0.042259 0.00802775 1.51566 0.0466397 -0.0942064 0.00486178
0.0536424 -0.0435654 0.00809773 1.54672 0.0482454 -0.0957168 0.00506737
0.0555376 -0.0448849 0.00816015 1.5778 0.0498677 -0.0972195 0.00527753
0.0574775 -0.0462173 0.00821493 1.60888 0.0515064 -0.0987144 0.00549228
0.059463 -0.0475623 0.00826199 1.63996 0.0531609 -0.100201 0.00571163
0.0614949 -0.0489199 0.00830129 1.67106 0.0548311 -0.101681 0.00593559
0.063574 -0.0502896 0.00833276 1.70215 0.0565166 -0.103152 0.00616418
0.0657013 -0.0516713 0.00835639 1.73325 0.0582171 -0.104615 0.00639741
0.0678775 -0.0530647 0.00837214 1.76435 0.0599322 -0.106069 0.00663531
0.0701036 -0.0544694 0.00838001 1.79546 0.0616618 -0.107516 0.00687789
0.0723804 -0.0558853 0.00838 1.82656 0.0634055 -0.108954 0.00712517
0.0747088 -0.0573119 0.00837212 1.85767 0.065163 -0.110382 0.00737716
0.0770898 -0.0587489 0.0083564 1.88877 0.0669341 -0.111802 0.00763389
0.0795242 -0.0601961 0.00833288 1.91987 0.0687184 -0.113213 0.00789538
0.0820129 -0.0616531 0.0083016 1.95096 0.0705158 -0.114614 0.00816165
0.084557 -0.0631194 0.00826262 1.98206 0.0723261 -0.116006 0.00843272
0.0871572 -0.0645948 0.008216 2.01314 0.0741489 -0.117387 0.00870861
0.0898147 -0.066079 0.00816182 2.04422 0.075984 -0.118759 0.00898934
0.0925302 -0.0675714 0.00810014 2.0753 0.0778313 -0.12012 0.00927493
0.0953049 -0.0690719 0.00803104 2.10637 0.0796905 -0.121471 0.0095654
0.0981395 -0.0705799 0.00795462 2.13742 0.0815614 -0.122812 0.00986078
0.101035 -0.0720953 0.00787094 2.16847 0.0834439 -0.124141 0.0101611
0.103993 -0.0736176 0.00778011 2.19951 0.0853378 -0.12546 0.0104663
0.107013 -0.0751464 0.00768218 2.23054 0.0872429 -0.126768 0.0107765
0.110097 -0.0766816 0.00757725 2.26156 0.0891592 -0.128065 0.0110917
0.113246 -0.0782229 0.00746538 2.29257 0.0910864 -0.129352 0.0114118
0.11646 -0.0797698 0.00734664 2.32357 0.0930245 -0.130627 0.0117369
0.119741 -0.0813223 0.00722107 2.35455 0.0949734 -0.131892 0.0120671
0.123089 -0.0828801 0.00708867 2.38553 0.0969331 -0.133146 0.0124023
0.126505 -0.0844429 0.00694959 2.41649 0.0989034 -0.13439 0.0127425
0.129991 -0.0860106 0.00680377 2.44744 0.100884 -0.135624 0.0130877
0.133546 -0.087583 0.00665124 2.47838 0.102876 -0.136847 0.013438
0.137172 -0.0891601 0.00649198 2.50931 0.104878 -0.138061 0.0137933
0.14087 -0.0907417 0.00632597 2.54022 0.10689 -0.139266 0.0141536
0.14464 -0.0923278 0.0061532 2.57112 0.108913 -0.140462 0.014519
0.148483 -0.0939183 0.00597351 2.60202 0.110948 -0.141649 0.0148894
0.1524 -0.0955132 0.00578695 2.6329 0.112992 -0.142828 0.0152648
0.156391 -0.0971127 0.00559336 2.66377 0.115047 -0.143999 0.0156453
0.160458 -0.0987167 0.00539266 2.69464 0.117113 -0.145163 0.0160307
0.164601 -0.100325 0.00518473 2.7255 0.11919 -0.14632 0.0164212
0.16882 -0.101938 0.00496944 2.75634 0.121278 -0.147471 0.0168166
0.173117 -0.103556 0.00474665 2.78718 0.123378 -0.148616 0.017217
0.177492 -0.105179 0.00451619 2.81802 0.125488 -0.149755 0.0176224
0.181945 -0.106807 0.00427788 2.84884 0.127609 -0.15089 0.0180327
0.186478 -0.10844 0.00403155 2.87967 0.129742 -0.15202 0.018448
0.191091 -0.110078 0.00377699 2.91048 0.131887 -0.153146 0.0188681
0.195783 -0.111722 0.003514 2.9413 0.134043 -0.15427 0.0192931
0.200557 -0.113371 0.00324236 2.97211 0.136211 -0.15539 0.019723
0.205413 -0.115027 0.00296183 3.00291 0.13839 -0.156508 0.0201578
0.21035 -0.116688 0.00267218 3.03372 0.140582 -0.157624 0.0205974
0.21537 -0.118356 0.00237316 3.06452 0.142786 -0.158738 0.0210418
0.220474 -0.120031 0.00206453 3.09533 0.145003 -0.159852 0.021491
0.225661 -0.121712 0.00174603 3.12613 0.147231 -0.160965 0.0219449
0.230933 -0.1234 0.00141737 3.15693 0.149473 -0.162078 0.0224036
0.236289 -0.125095 0.00107831 3.18774 0.151727 -0.163192 0.0228671
0.241731 -0.126798 0.000728551 3.21855 0.153994 -0.164307 0.0233352
0.247258 -0.128509 0.000367821 3.24936 0.156273 -0.165422 0.023808
0.252872 -0.130227 -4.16811e-06 3.28017 0.158566 -0.166539 0.0242855
0.258573 -0.131954 -0.000387706 3.31099 0.160872 -0.167659 0.0247677
0.264361 -0.133689 -0.000783085 3.34181 0.163192 -0.16878 0.0252545
0.270237 -0.135432 -0.0011906 3.37264 0.165525 -0.169904 0.0257459
0.276202 -0.137185 -0.00161056 3.40347 0.167871 -0.171032 0.0262419
0.282255 -0.138947 -0.00204326 3.43431 0.170231 -0.172162 0.0267425
0.288397 -0.140718 -0.002489 3.46515 0.172605 -0.173296 0.0272476
0.29463 -0.142498 -0.00294809 3.496 0.174993 -0.174435 0.0277573
0.300952 -0.144288 -0.00342084 3.52686 0.177394 -0.175577 0.0282715
0.307366 -0.146089 -0.00390756 3.55773 0.17981 -0.176724 0.0287902
0.313871 -0.147899 -0.00440856 3.5886 0.18224 -0.177875 0.0293134
0.320467 -0.14972 -0.00492416 3.61949 0.184684 -0.179032 0.029841
0.327155 -0.151552 -0.00545467 3.65038 0.187143 -0.180193 0.0303731
0.333937 -0.153395 -0.00600064 3.68128 0.189616 -0.181361 0.0309097
0.340811 -0.155248 -0.00656191 3.71219 0.192104 -0.182533 0.0314507
0.347779 -0.157113 -0.00713904 3.74311 0.194606 -0.183712 0.0319961
0.354841 -0.15899 -0.00773234 3.77404 0.197123 -0.184896 0.0325459
0.361997 -0.160878 -0.00834213 3.80498 0.199654 -0.186087 0.0331001
0.369249 -0.162778 -0.00896872 3.83593 0.2022 -0.187284 0.0336587
0.376596 -0.164691 -0.00961245 3.86689 0.204762 -0.188487 0.0342216
0.384039 -0.166615 -0.0102736 3.89786 0.207338 -0.189697 0.0347888
0.391578 -0.168553 -0.0109525 3.92885 0.209929 -0.190914 0.0353604
0.399214 -0.170502 -0.0116495 3.95984 0.212534 -0.192138 0.0359363
0.406948 -0.172465 -0.0123649 3.99085 0.215155 -0.193369 0.0365165
0.414779 -0.174441 -0.013099 4.02187 0.217791 -0.194607 0.037101
0.422708 -0.17643 -0.0138522 4.0529 0.220443 -0.195853 0.0376898
0.430737 -0.178433 -0.0146246 4.08394 0.223109 -0.197106 0.0382828
0.438864 -0.180449 -0.0154168 4.11499 0.22579 -0.198366 0.0388801
0.447091 -0.18248 -0.0162289 4.14606 0.228487 -0.199634 0.0394816
0.455418 -0.184524 -0.0170612 4.17714 0.231199 -0.200909 0.0400874
0.463845 -0.186582 -0.0179142 4.20823 0.233926 -0.202193 0.0406974
0.472374 -0.188655 -0.018788 4.23933 0.236668 -0.203484 0.0413116
0.481004 -0.190742 -0.0196831 4.27045 0.239425 -0.204783 0.0419299
0.489735 -0.192844 -0.0205997 4.30157 0.242198 -0.20609 0.0425525
0.49857 -0.194961 -0.0215381 4.33271 0.244986 -0.207405 0.0431792
0.507507 -0.197093 -0.0224986 4.36387 0.247789 -0.208728 0.0438101
0.516547 -0.19924 -0.0234815 4.39503 0.250607 -0.210059 0.0444451
0.525691 -0.201402 -0.0244871 4.42621 0.253441 -0.211399 0.0450843
0.534939 -0.20358 -0.0255157 4.45739 0.25629 -0.212747 0.0457276
0.544292 -0.205773 -0.0265676 4.48859 0.259153 -0.214103 0.0463749
0.55375 -0.207982 -0.0276431 4.51981 0.262032 -0.215467 0.0470264
0.563314 -0.210207 -0.0287425 4.55103 0.264926 -0.216839 0.047682
0.572983 -0.212448 -0.029866 4.58227 0.267836 -0.21822 0.0483416
0.582759 -0.214705 -0.031014 4.61351 0.27076 -0.219609 0.0490053
0.592642 -0.216978 -0.0321866 4.64477 0.273699 -0.221007 0.049673
0.602631 -0.219267 -0.0333842 4.67604 0.276652 -0.222413 0.0503447
0.612728 -0.221573 -0.0346069 4.70732 0.279621 -0.223827 0.0510204
0.622932 -0.223895 -0.035855 4.7386 0.282604 -0.22525 0.0517
0.633245 -0.226234 -0.0371288 4.76989 0.285601 -0.226681 0.0523835
0.643666 -0.22859 -0.0384287 4.8012 0.288613 -0.22812 0.053071
0.654196 -0.230962 -0.0397548 4.83251 0.29164 -0.229567 0.0537625
0.664836 -0.233352 -0.0411072 4.86383 0.294681 -0.231023 0.0544578
0.675586 -0.235758 -0.0424865 4.89516 0.297737 -0.232487 0.0551571
0.686447 -0.238182 -0.0438928 4.9265 0.300806 -0.23396 0.0558603
0.69742 -0.240623 -0.0453263 4.95785 0.30389 -0.235441 0.0565673
0.708504 -0.243082 -0.0467872 4.9892 0.306989 -0.23693 0.0572782
0.7197 -0.245558 -0.0482759 5.02057 0.310101 -0.238427 0.057993
0.73101 -0.248051 -0.0497924 5.05194 0.313227 -0.239933 0.0587116
0.742432 -0.250562 -0.051337 5.08332 0.316368 -0.241447 0.0594341
0.753968 -0.253091 -0.05291 5.1147 0.319522 -0.242969 0.0601603
0.765617 -0.255638 -0.0545114 5.1461 0.322689 -0.244499 0.0608903
0.777381 -0.258202 -0.0561416 5.17749 0.32587 -0.246038 0.061624
0.78926 -0.260784 -0.0578005 5.2089 0.329065 -0.247584 0.0623615
0.801254 -0.263384 -0.0594886 5.24031 0.332273 -0.249139 0.0631027
0.813364 -0.266002 -0.0612059 5.27172 0.335493 -0.250701 0.0638476
0.825589 -0.268637 -0.0629526 5.30313 0.338727 -0.252272 0.0645961
0.837929 -0.271291 -0.0647287 5.33455 0.341974 -0.25385 0.0653482
0.850386 -0.273962 -0.0665344 5.36597 0.345233 -0.255436 0.0661039
0.862958 -0.276651 -0.0683696 5.39738 0.348504 -0.257029 0.0668631
0.875646 -0.279357 -0.0702344 5.4288 0.351787 -0.25863 0.0676257
0.888448 -0.282081 -0.072129 5.4602 0.355081 -0.260238 0.0683917
0.901364 -0.284822 -0.0740529 5.4916 0.358386 -0.261853 0.069161
0.914392 -0.287579 -0.0760061 5.52298 0.361702 -0.263475 0.0699333
0.927535 -0.290353 -0.077989 5.55434 0.365028 -0.265103 0.0707088
0.940794 -0.293145 -0.0800025 5.5857 0.368365 -0.266739 0.0714877
0.954175 -0.295955 -0.0820461 5.61707 0.371714 -0.268382 0.07227
0.96768 -0.298784 -0.084121 5.64844 0.375075 -0.270033 0.073056
0.981311 -0.301631 -0.0862275 5.67982 0.378448 -0.271692 0.0738455
0.995063 -0.304497 -0.0883654 5.7112 0.381833 -0.273357 0.0746387
1.00893 -0.30738 -0.0905327 5.74256 0.385227 -0.27503 0.0754346
