0.000449629 -0.00011038 3.34017e-05 0.0406472 8.67256e-06 -0.00278837 3.38777e-06
0.000909313 -0.000325854 9.92602e-05 0.0810552 3.2008e-05 -0.00553091 1.01626e-05
0.00138336 -0.000638768 0.000196203 0.121178 7.55117e-05 -0.00821361 2.03289e-05
0.00187922 -0.00103848 0.000322081 0.160963 0.000153749 -0.0108155 3.39569e-05
0.00239904 -0.00151494 0.000474382 0.200405 0.000273929 -0.013333 5.11008e-05
0.00294434 -0.00205853 0.000649973 0.239512 0.000444659 -0.0157656 7.18299e-05
0.00351521 -0.00266115 0.000845519 0.278307 0.000671565 -0.0181175 9.62e-05
0.00411113 -0.00331649 0.0010577 0.316832 0.000958186 -0.0203963 0.000124262
0.00473137 -0.00401992 0.00128344 0.355139 0.00130588 -0.0226109 0.000156059
0.00537528 -0.00476833 0.00152009 0.393289 0.00171428 -0.0247705 0.000191637
0.00604198 -0.00555916 0.00176521 0.431319 0.0021818 -0.0268825 0.000231017
0.00673081 -0.0063905 0.00201685 0.46926 0.00270574 -0.0289531 0.000274215
0.00744098 -0.00726082 0.00227324 0.507129 0.00328312 -0.0309877 0.000321235
0.00817146 -0.0081681 0.00253271 0.544912 0.00391037 -0.032989 0.000372038
0.0089212 -0.00911031 0.0027938 0.582586 0.00458377 -0.0349586 0.000426568
0.00969042 -0.0100868 0.00305556 0.620179 0.00530101 -0.0369004 0.00048485
0.01048 -0.0110981 0.00331757 0.657742 0.00605979 -0.0388194 0.000546951
0.0112907 -0.0121442 0.00357912 0.695309 0.00685905 -0.0407188 0.000612949
0.012123 -0.0132245 0.00383956 0.732884 0.00769697 -0.0426 0.000682874
0.0129772 -0.0143383 0.00409821 0.770465 0.00857184 -0.0444643 0.000756752
0.0138536 -0.0154848 0.00435445 0.808049 0.00948214 -0.0463122 0.000834605
0.0147526 -0.0166635 0.00460769 0.845634 0.0104266 -0.0481448 0.000916465
0.0156749 -0.0178734 0.00485744 0.883213 0.0114039 -0.0499621 0.00100235
0.0166209 -0.0191139 0.00510318 0.920787 0.0124131 -0.0517647 0.00109231
0.0175913 -0.0203843 0.00534443 0.958353 0.0134532 -0.0535532 0.00118636
0.0185866 -0.0216841 0.00558074 0.995906 0.0145233 -0.0553279 0.00128453
0.0196074 -0.0230124 0.00581168 1.03344 0.0156227 -0.057089 0.00138686
0.0206545 -0.0243687 0.00603685 1.07097 0.0167506 -0.058837 0.00149338
0.0217285 -0.0257525 0.00625588 1.10848 0.0179063 -0.0605721 0.00160412
0.0228301 -0.0271632 0.0064684 1.14597 0.0190894 -0.0622947 0.00171913
0.0239602 -0.0286003 0.00667408 1.18344 0.0202992 -0.0640052 0.00183844
0.0251193 -0.0300633 0.00687257 1.2209 0.0215351 -0.0657037 0.00196208
0.0263083 -0.0315516 0.00706356 1.25834 0.0227967 -0.0673907 0.00209009
0.0275278 -0.0330648 0.00724673 1.29576 0.0240834 -0.0690663 0.00222249
0.0287787 -0.0346025 0.0074218 1.33316 0.0253947 -0.0707309 0.00235931
0.0300615 -0.0361643 0.00758848 1.37054 0.0267301 -0.0723847 0.00250058
0.0313771 -0.0377497 0.00774648 1.4079 0.0280892 -0.0740281 0.00264633
0.0327261 -0.0393583 0.00789555 1.44525 0.0294715 -0.0756613 0.00279659
0.0341093 -0.04099 0.00803543 1.48257 0.0308765 -0.0772845 0.00295137
0.0355274 -0.0426442 0.00816587 1.51987 0.0323039 -0.0788982 0.0031107
0.0369812 -0.0443207 0.00828665 1.55716 0.0337531 -0.0805025 0.00327459
0.0384714 -0.0460192 0.00839752 1.59442 0.0352238 -0.0820976 0.00344308
0.0399986 -0.0477395 0.00849828 1.63167 0.0367155 -0.083684 0.00361617
0.0415638 -0.0494812 0.00858872 1.6689 0.0382278 -0.0852616 0.00379389
0.0431675 -0.0512441 0.00866865 1.7061 0.0397603 -0.0868309 0.00397625
0.0448105 -0.053028 0.00873788 1.74329 0.0413127 -0.088392 0.00416327
0.0464937 -0.0548326 0.00879624 1.78045 0.0428845 -0.0899449 0.00435495
0.0482177 -0.0566576 0.00884356 1.8176 0.0444754 -0.09149 0.00455133
0.0499833 -0.0585028 0.00887971 1.85472 0.046085 -0.0930273 0.00475241
0.0517913 -0.0603678 0.00890456 1.89183 0.0477131 -0.0945568 0.00495821
0.0536424 -0.0622524 0.00891798 1.92891 0.0493591 -0.0960787 0.00516874
0.0555376 -0.0641562 0.00891989 1.96597 0.0510229 -0.0975929 0.00538402
0.0574775 -0.066079 0.00891018 2.003 0.0527041 -0.0990995 0.00560407
0.059463 -0.0680203 0.00888881 2.04001 0.0544024 -0.100598 0.00582889
0.0614949 -0.0699797 0.00885572 2.077 0.0561175 -0.10209 0.00605851
0.063574 -0.071957 0.00881088 2.11396 0.0578491 -0.103573 0.00629295
0.0657013 -0.0739515 0.00875429 2.15089 0.0595969 -0.105049 0.00653221
0.0678775 -0.0759629 0.00868595 2.18779 0.0613606 -0.106516 0.00677633
0.0701036 -0.0779907 0.00860589 2.22466 0.06314 -0.107975 0.00702531
0.0723804 -0.0800343 0.00851415 2.26149 0.0649349 -0.109426 0.00727917
0.0747088 -0.0820933 0.00841081 2.2983 0.0667449 -0.110869 0.00753795
0.0770898 -0.084167 0.00829594 2.33506 0.0685699 -0.112302 0.00780164
0.0795242 -0.0862549 0.00816964 2.37179 0.0704095 -0.113727 0.00807028
0.0820129 -0.0883564 0.00803202 2.40848 0.0722637 -0.115142 0.00834387
0.084557 -0.090471 0.00788322 2.44513 0.0741321 -0.116548 0.00862245
0.0871572 -0.0925979 0.00772336 2.48173 0.0760145 -0.117945 0.00890603
0.0898147 -0.0947365 0.00755259 2.51829 0.0779108 -0.119332 0.00919463
0.0925302 -0.0968864 0.00737106 2.5548 0.0798207 -0.120709 0.00948826
0.0953049 -0.0990468 0.00717894 2.59127 0.0817441 -0.122076 0.00978695
0.0981395 -0.101217 0.00697637 2.62769 0.0836808 -0.123433 0.0100907
0.101035 -0.103397 0.00676352 2.66405 0.0856307 -0.12478 0.0103995
0.103993 -0.105586 0.00654053 2.70037 0.0875936 -0.126116 0.0107135
0.107013 -0.107783 0.00630755 2.73663 0.0895693 -0.127442 0.0110325
0.110097 -0.109987 0.00606472 2.77284 0.0915578 -0.128758 0.0113567
0.113246 -0.1122 0.00581214 2.809 0.093559 -0.130064 0.011686
0.11646 -0.114419 0.00554992 2.84511 0.0955727 -0.131359 0.0120205
0.119741 -0.116644 0.00527815 2.88116 0.0975988 -0.132644 0.0123601
0.123089 -0.118877 0.00499679 2.91716 0.0996375 -0.133919 0.0127049
0.126505 -0.121115 0.00470608 2.95311 0.101688 -0.135184 0.0130548
0.129991 -0.123358 0.00440592 2.989 0.103752 -0.13644 0.0134099
0.133546 -0.125608 0.0040963 3.02485 0.105827 -0.137686 0.0137702
0.137172 -0.127863 0.00377717 3.06064 0.107915 -0.138923 0.0141356
0.14087 -0.130123 0.00344848 3.09639 0.110015 -0.140152 0.0145062
0.14464 -0.132388 0.00311014 3.13209 0.112127 -0.141372 0.0148818
0.148483 -0.134659 0.0027619 3.16775 0.114252 -0.142584 0.0152627
0.1524 -0.136936 0.00240372 3.20337 0.116389 -0.143789 0.0156487
0.156391 -0.139218 0.00203536 3.23894 0.118539 -0.144986 0.0160399
0.160458 -0.141506 0.00165658 3.27448 0.120701 -0.146177 0.0164361
0.164601 -0.1438 0.00126715 3.30997 0.122876 -0.147362 0.0168375
0.16882 -0.146101 0.000866785 3.34544 0.125063 -0.148541 0.017244
0.173117 -0.148408 0.00045519 3.38087 0.127263 -0.149715 0.0176555
0.177492 -0.150721 3.20288e-05 3.41628 0.129476 -0.150883 0.0180721
0.181945 -0.153042 -0.000403054 3.45166 0.131701 -0.152048 0.0184937
0.186478 -0.155371 -0.000850433 3.48701 0.13394 -0.153209 0.0189204
0.191091 -0.157708 -0.00131051 3.52234 0.136192 -0.154367 0.0193521
0.195783 -0.160053 -0.00178369 3.55766 0.138457 -0.155522 0.0197888
0.200557 -0.162406 -0.00227042 3.59295 0.140735 -0.156674 0.0202304
0.205413 -0.16477 -0.00277114 3.62824 0.143027 -0.157825 0.0206771
0.21035 -0.167142 -0.00328631 3.66351 0.145332 -0.158975 0.0211286
0.21537 -0.169525 -0.00381642 3.69877 0.147652 -0.160124 0.0215851
0.220474 -0.171919 -0.00436195 3.73403 0.149984 -0.161272 0.0220465
0.225661 -0.174324 -0.00492341 3.76928 0.152331 -0.162421 0.0225128
0.230933 -0.17674 -0.00550129 3.80452 0.154692 -0.163569 0.022984
0.236289 -0.179169 -0.00609613 3.83977 0.157067 -0.164719 0.0234601
0.241731 -0.18161 -0.00670845 3.87502 0.159456 -0.16587 0.023941
0.247258 -0.184064 -0.00733879 3.91028 0.16186 -0.167023 0.0244267
0.252872 -0.186531 -0.00798767 3.94554 0.164278 -0.168178 0.0249172
0.258573 -0.189013 -0.00865566 3.9808 0.166711 -0.169335 0.0254125
0.264361 -0.191509 -0.00934329 4.01608 0.169158 -0.170496 0.0259126
0.270237 -0.19402 -0.0100511 4.05137 0.171621 -0.171659 0.0264175
0.276202 -0.196546 -0.0107797 4.08667 0.174098 -0.172825 0.0269271
0.282255 -0.199088 -0.0115296 4.12198 0.17659 -0.173996 0.0274415
0.288397 -0.201646 -0.0123014 4.15731 0.179098 -0.17517 0.0279606
0.29463 -0.204221 -0.0130957 4.19266 0.18162 -0.176349 0.0284844
0.300952 -0.206813 -0.013913 4.22803 0.184158 -0.177532 0.0290129
0.307366 -0.209423 -0.0147538 4.26342 0.186711 -0.178721 0.0295461
0.313871 -0.212051 -0.0156188 4.29883 0.18928 -0.179914 0.0300839
0.320467 -0.214697 -0.0165085 4.33426 0.191865 -0.181112 0.0306265
0.327155 -0.217362 -0.0174235 4.36971 0.194465 -0.182316 0.0311737
0.333937 -0.220047 -0.0183648 4.40519 0.19708 -0.183526 0.0317255
0.340811 -0.222751 -0.0193321 4.44069 0.199712 -0.184742 0.032282
0.347779 -0.225475 -0.0203264 4.47622 0.202359 -0.185964 0.0328431
0.354841 -0.22822 -0.0213483 4.51178 0.205023 -0.187192 0.0334088
0.361997 -0.230985 -0.0223984 4.54737 0.207702 -0.188427 0.0339791
0.369249 -0.233772 -0.0234771 4.58298 0.210397 -0.189668 0.034554
0.376596 -0.23658 -0.0245852 4.61862 0.213108 -0.190916 0.0351335
0.384039 -0.23941 -0.0257231 4.6543 0.215836 -0.192171 0.0357176
0.391578 -0.242262 -0.0268914 4.69 0.21858 -0.193433 0.0363062
0.399214 -0.245137 -0.0280907 4.72574 0.22134 -0.194702 0.0368994
0.406948 -0.248035 -0.0293215 4.7615 0.224116 -0.195979 0.0374972
0.414779 -0.250956 -0.0305844 4.7973 0.226908 -0.197263 0.0380995
0.422708 -0.253901 -0.03188 4.83314 0.229717 -0.198554 0.0387063
0.430737 -0.25687 -0.0332088 4.869 0.232542 -0.199853 0.0393177
0.438864 -0.259863 -0.0345714 4.9049 0.235383 -0.20116 0.0399335
0.447091 -0.26288 -0.0359682 4.94083 0.238241 -0.202475 0.0405539
0.455418 -0.265923 -0.0374 4.9768 0.241116 -0.203797 0.0411788
0.463845 -0.268991 -0.0388671 5.0128 0.244006 -0.205128 0.0418082
0.472374 -0.272084 -0.0403702 5.04883 0.246913 -0.206466 0.0424421
0.481004 -0.275203 -0.0419098 5.0849 0.249837 -0.207813 0.0430805
0.489735 -0.278349 -0.0434864 5.121 0.252777 -0.209168 0.0437233
0.49857 -0.28152 -0.0451005 5.15714 0.255733 -0.210531 0.0443706
0.507507 -0.284719 -0.0467528 5.19331 0.258706 -0.211903 0.0450223
0.516547 -0.287944 -0.0484436 5.22952 0.261695 -0.213282 0.0456785
0.525691 -0.291196 -0.0501736 5.26576 0.2647 -0.21467 0.0463392
0.534939 -0.294476 -0.0519432 5.30204 0.267722 -0.216067 0.0470042
0.544292 -0.297784 -0.0537529 5.33835 0.27076 -0.217472 0.0476737
0.55375 -0.301119 -0.0556034 5.37469 0.273814 -0.218885 0.0483476
0.563314 -0.304483 -0.0574947 5.41107 0.276885 -0.220307 0.0490259
0.572983 -0.307875 -0.0594279 5.44748 0.279972 -0.221738 0.0497086
0.582759 -0.311296 -0.0614031 5.48393 0.283075 -0.223177 0.0503956
0.592642 -0.314745 -0.063421 5.52041 0.286193 -0.224624 0.051087
0.602631 -0.318223 -0.0654816 5.55692 0.289328 -0.22608 0.0517828
0.612728 -0.321731 -0.0675861 5.59346 0.292479 -0.227545 0.0524828
0.622932 -0.325268 -0.0697341 5.63003 0.295645 -0.229018 0.0531871
0.633245 -0.328834 -0.0719265 5.66663 0.298827 -0.230499 0.0538957
0.643666 -0.332429 -0.0741636 5.70326 0.302025 -0.231989 0.0546085
0.654196 -0.336055 -0.0764459 5.73992 0.305238 -0.233488 0.0553257
0.664836 -0.339711 -0.0787741 5.77661 0.308467 -0.234995 0.0560471
0.675586 -0.343396 -0.0811482 5.81333 0.311711 -0.23651 0.0567727
0.686447 -0.347113 -0.083569 5.85008 0.31497 -0.238035 0.0575026
0.69742 -0.35086 -0.0860367 5.88686 0.318245 -0.239567 0.0582367
0.708504 -0.354638 -0.0885519 5.92367 0.321536 -0.241108 0.0589751
0.7197 -0.358447 -0.0911147 5.96051 0.324841 -0.242658 0.0597177
0.73101 -0.362286 -0.0937258 5.99737 0.328161 -0.244216 0.0604644
0.742432 -0.366157 -0.0963853 6.03426 0.331497 -0.245782 0.0612153
0.753968 -0.37006 -0.0990937 6.07118 0.334847 -0.247357 0.0619704
0.765617 -0.373993 -0.101851 6.10812 0.338212 -0.248941 0.0627295
0.777381 -0.377958 -0.104659 6.14508 0.341591 -0.250532 0.0634928
0.78926 -0.381955 -0.107516 6.18207 0.344985 -0.252132 0.0642602
0.801254 -0.385983 -0.110423 6.21909 0.348393 -0.25374 0.0650316
0.813364 -0.390042 -0.11338 6.25612 0.351815 -0.255356 0.0658071
0.825589 -0.394134 -0.116389 6.29317 0.355251 -0.25698 0.0665866
0.837929 -0.398257 -0.119448 6.33024 0.358701 -0.258613 0.0673701
0.850386 -0.402411 -0.122558 6.36733 0.362164 -0.260253 0.0681575
0.862958 -0.406596 -0.125719 6.40443 0.36564 -0.261901 0.0689487
0.875646 -0.410813 -0.128931 6.44154 0.369129 -0.263556 0.0697436
0.888448 -0.41506 -0.132195 6.47866 0.37263 -0.265219 0.0705424
0.901364 -0.419338 -0.135509 6.51578 0.376143 -0.266889 0.0713446
0.914392 -0.423645 -0.138875 6.5529 0.379667 -0.268566 0.0721503
0.927535 -0.427982 -0.142291 6.59002 0.383202 -0.270251 0.0729596
0.940794 -0.43235 -0.145759 6.62714 0.38675 -0.271941 0.0737728
0.954175 -0.436751 -0.149281 6.66428 0.39031 -0.27364 0.0745894
0.96768 -0.441185 -0.152856 6.70144 0.393883 -0.275348 0.0754101
0.981311 -0.445651 -0.156486 6.73862 0.397469 -0.277063 0.0762349
0.995063 -0.45015 -0.16017 6.77582 0.401068 -0.278785 0.0770636
1.00893 -0.454679 -0.163905 6.81301 0.404677 -0.280515 0.0778953
