0.000124134 -6.37253e-06 2.15865e-06 0.00831677 -6.73362e-07 -0.000768014 2.85193e-07
0.000248271 -1.91169e-05 6.47561e-06 0.0166334 -1.33793e-06 -0.00153601 8.55394e-07
0.000372414 -3.82316e-05 1.29503e-05 0.0249499 -1.98222e-06 -0.00230396 1.71057e-06
0.000496566 -6.37139e-05 2.15818e-05 0.033266 -2.59603e-06 -0.00307184 2.85068e-06
0.000620729 -9.55597e-05 3.23689e-05 0.0415815 -3.1686e-06 -0.00383962 4.27564e-06
0.000745004 -0.00013374 4.53014e-05 0.0498952 -3.43793e-06 -0.00460678 5.98547e-06
0.00086929 -0.000178274 6.03884e-05 0.0582086 -3.70879e-06 -0.00537388 7.98007e-06
0.000993662 -0.000229143 7.76226e-05 0.0665218 -3.79838e-06 -0.00614068 1.02597e-05
0.0011181 -0.000286344 9.70038e-05 0.0748347 -3.75106e-06 -0.00690724 1.28244e-05
0.00124264 -0.000349864 0.000118528 0.0831474 -3.50609e-06 -0.00767347 1.56741e-05
0.0013674 -0.00041963 0.000142181 0.0914574 -2.79144e-06 -0.00843855 1.88094e-05
0.00149207 -0.00049584 0.000168006 0.0997743 -2.3975e-06 -0.009205 2.22306e-05
0.00161706 -0.000578209 0.000195933 0.108086 -1.23578e-06 -0.00996961 2.59372e-05
0.0017421 -0.000666926 0.000226012 0.1164 -7.28269e-08 -0.0107346 2.99299e-05
0.00186727 -0.000761923 0.000258222 0.124715 1.35007e-06 -0.0114992 3.42089e-05
0.00199259 -0.000863171 0.000292557 0.13303 3.06707e-06 -0.0122634 3.87738e-05
0.00211807 -0.000970658 0.000329013 0.141346 5.0934e-06 -0.0130271 4.3625e-05
0.00224371 -0.00108437 0.000367585 0.149661 7.44784e-06 -0.0137902 4.87626e-05
0.00236953 -0.00120428 0.000408268 0.157976 1.01487e-05 -0.0145529 5.41868e-05
0.00249553 -0.00133039 0.000451058 0.166291 1.32141e-05 -0.015315 5.98978e-05
0.00262173 -0.00146266 0.00049595 0.174606 1.66622e-05 -0.0160765 6.58958e-05
0.00274813 -0.00160108 0.000542937 0.182921 2.0511e-05 -0.0168374 7.21811e-05
0.00287474 -0.00174564 0.000592015 0.191236 2.47784e-05 -0.0175977 7.87537e-05
0.00300158 -0.0018963 0.000643178 0.199551 2.94821e-05 -0.0183573 8.56141e-05
0.00312864 -0.00205305 0.000696419 0.207866 3.46398e-05 -0.0191162 9.27624e-05
0.00325595 -0.00221587 0.000751732 0.216182 4.02688e-05 -0.0198744 0.000100199
0.0033835 -0.00238474 0.000809111 0.224497 4.63867e-05 -0.0206319 0.000107924
0.00351131 -0.00255962 0.000868549 0.232813 5.30107e-05 -0.0213887 0.000115938
0.00363939 -0.0027405 0.000930039 0.241129 6.01577e-05 -0.0221446 0.00012424
0.00376774 -0.00292735 0.000993574 0.249445 6.78448e-05 -0.0228998 0.000132833
0.00389638 -0.00312015 0.00105915 0.257761 7.60887e-05 -0.0236542 0.000141715
0.00402531 -0.00331887 0.00112675 0.266078 8.49062e-05 -0.0244077 0.000150886
0.00415453 -0.00352348 0.00119637 0.274395 9.43136e-05 -0.0251603 0.000160349
0.00428407 -0.00373396 0.00126801 0.282712 0.000104327 -0.0259121 0.000170102
0.00441393 -0.00395028 0.00134166 0.291029 0.000114964 -0.026663 0.000180146
0.00454411 -0.00417242 0.0014173 0.299347 0.000126238 -0.027413 0.000190481
0.00467462 -0.00440033 0.00149494 0.307665 0.000138167 -0.028162 0.000201108
0.00480556 -0.00463379 0.00157458 0.31598 0.000150674 -0.0289092 0.000212025
0.00493684 -0.00487331 0.00165621 0.324303 0.000163979 -0.0296567 0.000223244
0.00506847 -0.00511852 0.00173981 0.332627 0.000177964 -0.0304032 0.000234755
0.00520048 -0.00536941 0.00182537 0.340951 0.000192665 -0.0311487 0.000246561
0.00533286 -0.00562595 0.00191288 0.349276 0.000208099 -0.0318931 0.000258661
0.00546562 -0.0058881 0.00200233 0.357601 0.000224279 -0.0326366 0.000271056
0.00559878 -0.00615583 0.00209371 0.365928 0.00024122 -0.033379 0.000283746
0.00573233 -0.00642911 0.00218701 0.374255 0.000258938 -0.0341204 0.000296731
0.00586629 -0.00670791 0.00228222 0.382582 0.000277445 -0.0348607 0.000310013
0.00600066 -0.00699219 0.00237933 0.390911 0.000296757 -0.0355999 0.000323592
0.00613544 -0.00728193 0.00247833 0.39924 0.000316886 -0.036338 0.000337468
0.00627066 -0.00757709 0.00257921 0.40757 0.000337848 -0.037075 0.000351641
0.0064063 -0.00787764 0.00268197 0.415901 0.000359656 -0.0378109 0.000366113
0.00654239 -0.00818354 0.00278658 0.424233 0.000382322 -0.0385456 0.000380883
0.00667892 -0.00849476 0.00289304 0.432565 0.00040586 -0.0392792 0.000395952
0.0068159 -0.00881127 0.00300133 0.440899 0.000430284 -0.0400117 0.000411321
0.00695334 -0.00913304 0.00311146 0.449233 0.000455605 -0.040743 0.00042699
0.00709124 -0.00946002 0.0032234 0.457569 0.000481837 -0.041473 0.00044296
0.00722962 -0.00979219 0.00333714 0.465905 0.000508992 -0.0422019 0.000459231
0.00736847 -0.0101295 0.00345268 0.474243 0.000537082 -0.0429297 0.000475803
0.00750781 -0.0104719 0.00356999 0.482581 0.000566118 -0.0436562 0.000492678
0.00764763 -0.0108195 0.00368908 0.490921 0.000596114 -0.0443814 0.000509856
0.00778795 -0.011172 0.00380993 0.499261 0.000627079 -0.0451055 0.000527337
0.00792877 -0.0115296 0.00393252 0.507603 0.000659027 -0.0458283 0.000545122
0.00807009 -0.0118922 0.00405685 0.515946 0.000691967 -0.0465499 0.000563211
0.00821193 -0.0122597 0.00418291 0.52429 0.000725911 -0.0472703 0.000581606
0.00835428 -0.0126321 0.00431067 0.532635 0.000760869 -0.0479894 0.000600305
0.00849715 -0.0130094 0.00444013 0.540982 0.000796852 -0.0487073 0.000619311
0.00864054 -0.0133915 0.00457128 0.54933 0.00083387 -0.0494238 0.000638623
0.00878447 -0.0137784 0.0047041 0.557679 0.000871934 -0.0501392 0.000658243
0.00892893 -0.0141701 0.00483858 0.566029 0.000911053 -0.0508532 0.00067817
0.00907393 -0.0145666 0.00497471 0.574381 0.000951237 -0.051566 0.000698406
0.00921948 -0.0149677 0.00511248 0.582734 0.000992494 -0.0522775 0.00071895
0.00936558 -0.0153735 0.00525187 0.591088 0.00103484 -0.0529878 0.000739804
0.00951223 -0.015784 0.00539288 0.599444 0.00107827 -0.0536967 0.000760967
0.00965943 -0.016199 0.00553548 0.607801 0.0011228 -0.0544044 0.000782441
0.0098072 -0.0166186 0.00567967 0.61616 0.00116845 -0.0551108 0.000804226
0.00995554 -0.0170428 0.00582542 0.62452 0.00121521 -0.0558159 0.000826322
0.0101044 -0.0174714 0.00597274 0.632881 0.0012631 -0.0565197 0.000848731
0.0102539 -0.0179045 0.00612161 0.641244 0.00131212 -0.0572222 0.000871452
0.010404 -0.018342 0.006272 0.649609 0.00136229 -0.0579235 0.000894486
0.0105546 -0.0187839 0.00642392 0.657975 0.0014136 -0.0586234 0.000917834
0.0107058 -0.0192302 0.00657734 0.666342 0.00146607 -0.0593221 0.000941496
0.0108577 -0.0196808 0.00673226 0.674711 0.00151971 -0.0600194 0.000965473
0.0110101 -0.0201357 0.00688865 0.683082 0.00157451 -0.0607155 0.000989765
0.0111631 -0.0205949 0.00704652 0.691454 0.00163049 -0.0614103 0.00101437
0.0113166 -0.0210583 0.00720583 0.699828 0.00168766 -0.0621038 0.0010393
0.0114708 -0.0215259 0.00736658 0.708204 0.00174601 -0.062796 0.00106454
0.0116256 -0.0219977 0.00752876 0.716581 0.00180556 -0.0634869 0.0010901
0.0117811 -0.0224736 0.00769236 0.72496 0.00186631 -0.0641766 0.00111597
0.0119371 -0.0229537 0.00785735 0.73334 0.00192827 -0.064865 0.00114217
0.0120937 -0.0234378 0.00802372 0.741723 0.00199144 -0.0655521 0.00116868
0.0122509 -0.0239259 0.00819147 0.750107 0.00205582 -0.0662379 0.00119551
0.0124088 -0.024418 0.00836057 0.758492 0.00212143 -0.0669224 0.00122267
0.0125673 -0.0249142 0.00853102 0.766879 0.00218826 -0.0676057 0.00125014
0.0127264 -0.0254143 0.0087028 0.775269 0.00225633 -0.0682878 0.00127793
0.0128861 -0.0259183 0.0088759 0.783659 0.00232563 -0.0689685 0.00130604
0.0130465 -0.0264261 0.0090503 0.792052 0.00239617 -0.069648 0.00133448
0.0132075 -0.0269379 0.00922598 0.800446 0.00246795 -0.0703263 0.00136324
0.0133691 -0.0274535 0.00940295 0.808842 0.00254099 -0.0710033 0.00139232
0.0135313 -0.0279729 0.00958117 0.81724 0.00261527 -0.0716791 0.00142172
0.0136942 -0.028496 0.00976065 0.82564 0.0026908 -0.0723536 0.00145145
0.0138577 -0.0290229 0.00994136 0.834041 0.00276759 -0.073027 0.0014815
0.0140219 -0.0295536 0.0101233 0.842445 0.00284564 -0.073699 0.00151187
0.0141867 -0.0300879 0.0103064 0.85085 0.00292495 -0.0743699 0.00154257
0.0143522 -0.0306259 0.0104907 0.859257 0.00300553 -0.0750396 0.0015736
0.0145182 -0.0311675 0.0106763 0.867665 0.00308738 -0.075708 0.00160495
0.014685 -0.0317127 0.0108629 0.876076 0.00317049 -0.0763752 0.00163662
0.0148524 -0.0322615 0.0110508 0.884488 0.00325487 -0.0770413 0.00166862
0.0150204 -0.0328139 0.0112397 0.892902 0.00334053 -0.0777061 0.00170095
0.0151891 -0.0333698 0.0114298 0.901318 0.00342746 -0.0783698 0.00173361
0.0153584 -0.0339292 0.011621 0.909736 0.00351566 -0.0790323 0.00176659
0.0155284 -0.034492 0.0118133 0.918156 0.00360514 -0.0796936 0.0017999
0.015699 -0.0350584 0.0120067 0.926577 0.0036959 -0.0803537 0.00183354
0.0158703 -0.0356281 0.0122012 0.935 0.00378794 -0.0810127 0.0018675
0.0160422 -0.0362013 0.0123967 0.943426 0.00388126 -0.0816706 0.0019018
0.0162149 -0.0367778 0.0125932 0.951853 0.00397586 -0.0823272 0.00193642
0.0163881 -0.0373577 0.0127908 0.960281 0.00407173 -0.0829828 0.00197137
0.016562 -0.0379409 0.0129894 0.968712 0.00416889 -0.0836372 0.00200665
0.0167366 -0.0385274 0.0131891 0.977144 0.00426732 -0.0842905 0.00204226
0.0169118 -0.0391172 0.0133897 0.985579 0.00436704 -0.0849427 0.0020782
0.0170877 -0.0397103 0.0135913 0.994015 0.00446803 -0.0855938 0.00211447
0.0172643 -0.0403066 0.0137938 1.00245 0.00457031 -0.0862437 0.00215108
0.0174415 -0.0409061 0.0139973 1.01089 0.00467386 -0.0868926 0.00218801
0.0176194 -0.0415088 0.0142018 1.01933 0.00477869 -0.0875404 0.00222527
0.017798 -0.0421147 0.0144071 1.02778 0.00488479 -0.0881871 0.00226287
0.0179772 -0.0427238 0.0146134 1.03622 0.00499217 -0.0888327 0.00230079
0.0181571 -0.0433359 0.0148206 1.04467 0.00510083 -0.0894773 0.00233905
0.0183376 -0.0439512 0.0150287 1.05312 0.00521076 -0.0901208 0.00237764
0.0185188 -0.0445696 0.0152376 1.06157 0.00532196 -0.0907632 0.00241656
0.0187007 -0.045191 0.0154474 1.07002 0.00543443 -0.0914047 0.00245582
0.0188833 -0.0458155 0.0156581 1.07847 0.00554816 -0.092045 0.0024954
0.0190665 -0.046443 0.0158696 1.08693 0.00566317 -0.0926844 0.00253532
0.0192504 -0.0470735 0.0160819 1.09539 0.00577943 -0.0933227 0.00257558
0.0194349 -0.047707 0.0162951 1.10385 0.00589696 -0.0939601 0.00261616
0.0196201 -0.0483435 0.016509 1.11231 0.00601575 -0.0945964 0.00265708
0.019806 -0.0489829 0.0167238 1.12077 0.0061358 -0.0952317 0.00269833
0.0199926 -0.0496253 0.0169393 1.12923 0.00625711 -0.0958661 0.00273992
0.0201798 -0.0502706 0.0171556 1.1377 0.00637966 -0.0964994 0.00278184
0.0203677 -0.0509188 0.0173726 1.14617 0.00650347 -0.0971318 0.00282409
0.0205563 -0.0515698 0.0175904 1.15464 0.00662852 -0.0977632 0.00286668
0.0207455 -0.0522237 0.0178089 1.16311 0.00675482 -0.0983937 0.0029096
0.0209354 -0.0528805 0.0180281 1.17158 0.00688235 -0.0990232 0.00295285
0.021126 -0.0535401 0.0182481 1.18005 0.00701113 -0.0996518 0.00299644
0.0213173 -0.0542025 0.0184687 1.18853 0.00714114 -0.100279 0.00304037
0.0215092 -0.0548677 0.01869 1.19701 0.00727239 -0.100906 0.00308462
0.0217018 -0.0555356 0.018912 1.20549 0.00740486 -0.101532 0.00312922
0.0218951 -0.0562064 0.0191347 1.21397 0.00753856 -0.102157 0.00317414
0.022089 -0.0568799 0.019358 1.22245 0.00767348 -0.102781 0.00321941
0.0222836 -0.0575561 0.0195819 1.23093 0.00780962 -0.103404 0.003265
0.0224789 -0.058235 0.0198065 1.23942 0.00794698 -0.104026 0.00331094
0.0226749 -0.0589166 0.0200317 1.24791 0.00808555 -0.104647 0.0033572
0.0228715 -0.059601 0.0202575 1.25639 0.00822532 -0.105268 0.00340381
0.0230688 -0.060288 0.0204839 1.26488 0.0083663 -0.105888 0.00345074
0.0232668 -0.0609776 0.0207109 1.27338 0.00850848 -0.106506 0.00349802
0.0234654 -0.0616699 0.0209385 1.28187 0.00865185 -0.107124 0.00354563
0.0236647 -0.0623648 0.0211666 1.29036 0.00879642 -0.107741 0.00359357
0.0238647 -0.0630624 0.0213953 1.29886 0.00894218 -0.108357 0.00364185
0.0240654 -0.0637625 0.0216245 1.30736 0.00908912 -0.108973 0.00369046
0.0242667 -0.0644652 0.0218543 1.31586 0.00923724 -0.109587 0.00373941
0.0244688 -0.0651706 0.0220846 1.32436 0.00938654 -0.110201 0.0037887
0.0246714 -0.0658784 0.0223154 1.33286 0.00953701 -0.110814 0.00383832
0.0248748 -0.0665889 0.0225467 1.34136 0.00968865 -0.111426 0.00388828
0.0250788 -0.0673018 0.0227785 1.34986 0.00984145 -0.112038 0.00393857
0.0252836 -0.0680173 0.0230108 1.35837 0.00999542 -0.112648 0.0039892
0.0254889 -0.0687353 0.0232436 1.36688 0.0101505 -0.113258 0.00404016
0.025695 -0.0694558 0.0234768 1.37539 0.0103068 -0.113867 0.00409146
0.0259017 -0.0701789 0.0237105 1.3839 0.0104642 -0.114476 0.0041431
0.0261091 -0.0709043 0.0239447 1.39241 0.0106228 -0.115083 0.00419507
0.0263172 -0.0716323 0.0241792 1.40092 0.0107825 -0.11569 0.00424738
0.026526 -0.0723627 0.0244143 1.40943 0.0109433 -0.116296 0.00430002
0.0267354 -0.0730956 0.0246497 1.41795 0.0111053 -0.116901 0.004353
0.0269455 -0.0738309 0.0248855 1.42647 0.0112684 -0.117506 0.00440632
0.0271563 -0.0745686 0.0251218 1.43498 0.0114326 -0.11811 0.00445997
0.0273677 -0.0753088 0.0253585 1.4435 0.0115979 -0.118713 0.00451396
0.0275798 -0.0760513 0.0255955 1.45202 0.0117643 -0.119315 0.00456828
0.0277926 -0.0767963 0.0258329 1.46054 0.0119319 -0.119917 0.00462294
0.0280061 -0.0775436 0.0260707 1.46907 0.0121005 -0.120518 0.00467794
0.0282203 -0.0782933 0.0263088 1.47759 0.0122702 -0.121119 0.00473327
0.0284351 -0.0790454 0.0265473 1.48612 0.0124411 -0.121719 0.00478894
0.0286506 -0.0797999 0.0267862 1.49464 0.012613 -0.122318 0.00484494
0.0288668 -0.0805567 0.0270254 1.50317 0.012786 -0.122916 0.00490129
0.0290837 -0.0813158 0.0272649 1.5117 0.0129601 -0.123514 0.00495796
0.0293012 -0.0820773 0.0275047 1.52023 0.0131353 -0.124111 0.00501498
0.0295194 -0.0828411 0.0277448 1.52876 0.0133115 -0.124707 0.00507232
0.0297383 -0.0836072 0.0279853 1.53729 0.0134888 -0.125303 0.00513001
0.0299579 -0.0843756 0.028226 1.54582 0.0136672 -0.125898 0.00518803
0.0301781 -0.0851463 0.028467 1.55436 0.0138466 -0.126493 0.00524639
0.030399 -0.0859194 0.0287083 1.56289 0.0140271 -0.127087 0.00530509
0.0306207 -0.0866946 0.0289499 1.57143 0.0142086 -0.12768 0.00536412
0.0308429 -0.0874722 0.0291918 1.57997 0.0143912 -0.128273 0.00542349
0.0310659 -0.0882521 0.0294339 1.58851 0.0145748 -0.128865 0.00548319
0.0312895 -0.0890342 0.0296762 1.59705 0.0147595 -0.129456 0.00554323
0.0315139 -0.0898185 0.0299188 1.60559 0.0149452 -0.130047 0.00560361
0.0317389 -0.0906051 0.0301617 1.61413 0.0151319 -0.130638 0.00566432
0.0319646 -0.091394 0.0304048 1.62267 0.0153196 -0.131227 0.00572537
0.0321909 -0.0921851 0.030648 1.63121 0.0155084 -0.131817 0.00578676
0.032418 -0.0929784 0.0308916 1.63976 0.0156982 -0.132405 0.00584848
0.0326457 -0.0937739 0.0311353 1.6483 0.015889 -0.132993 0.00591055
0.0328741 -0.0945716 0.0313792 1.65685 0.0160807 -0.133581 0.00597294
0.0331032 -0.0953716 0.0316233 1.6654 0.0162735 -0.134168 0.00603568
0.033333 -0.0961737 0.0318676 1.67395 0.0164673 -0.134754 0.00609875
0.0335635 -0.0969781 0.0321121 1.6825 0.0166621 -0.13534 0.00616216
0.0337946 -0.0977846 0.0323568 1.69105 0.0168579 -0.135926 0.0062259
0.0340265 -0.0985933 0.0326016 1.6996 0.0170547 -0.13651 0.00628999
0.034259 -0.0994042 0.0328466 1.70815 0.0172524 -0.137095 0.00635441
0.0344922 -0.100217 0.0330917 1.7167 0.0174511 -0.137679 0.00641916
0.0347261 -0.101033 0.033337 1.72526 0.0176508 -0.138262 0.00648426
0.0349607 -0.10185 0.0335825 1.73381 0.0178515 -0.138845 0.00654969
0.0351959 -0.102669 0.0338281 1.74237 0.0180531 -0.139427 0.00661546
0.0354319 -0.103491 0.0340738 1.75093 0.0182557 -0.140009 0.00668157
0.0356686 -0.104315 0.0343196 1.75949 0.0184593 -0.14059 0.00674801
0.0359059 -0.105141 0.0345656 1.76804 0.0186638 -0.141171 0.00681479
0.0361439 -0.105969 0.0348116 1.7766 0.0188693 -0.141751 0.00688191
0.0363827 -0.106799 0.0350578 1.78516 0.0190757 -0.142331 0.00694937
0.0366221 -0.107632 0.0353041 1.79373 0.019283 -0.14291 0.00701717
0.0368622 -0.108466 0.0355505 1.80229 0.0194913 -0.143489 0.0070853
0.037103 -0.109303 0.0357969 1.81085 0.0197005 -0.144068 0.00715377
0.0373445 -0.110142 0.0360435 1.81941 0.0199107 -0.144646 0.00722259
0.0375867 -0.110982 0.0362901 1.82798 0.0201218 -0.145223 0.00729173
0.0378296 -0.111825 0.0365368 1.83654 0.0203338 -0.1458 0.00736122
0.0380732 -0.11267 0.0367836 1.84511 0.0205467 -0.146377 0.00743105
0.0383175 -0.113518 0.0370304 1.85368 0.0207606 -0.146953 0.00750121
0.0385625 -0.114367 0.0372773 1.86225 0.0209754 -0.147529 0.00757172
0.0388082 -0.115218 0.0375242 1.87082 0.021191 -0.148104 0.00764256
0.0390546 -0.116071 0.0377712 1.87939 0.0214076 -0.148679 0.00771374
0.0393017 -0.116927 0.0380182 1.88796 0.0216251 -0.149254 0.00778526
0.0395494 -0.117784 0.0382653 1.89653 0.0218435 -0.149828 0.00785712
0.0397979 -0.118644 0.0385124 1.9051 0.0220628 -0.150402 0.00792932
0.0400472 -0.119506 0.0387595 1.91367 0.022283 -0.150975 0.00800186
0.0402971 -0.12037 0.0390066 1.92225 0.0225041 -0.151548 0.00807474
0.0405477 -0.121235 0.0392538 1.93082 0.022726 -0.15212 0.00814796
0.040799 -0.122103 0.0395009 1.9394 0.0229489 -0.152692 0.00822152
0.041051 -0.122973 0.0397481 1.94797 0.0231726 -0.153264 0.00829542
0.0413038 -0.123845 0.0399953 1.95655 0.0233972 -0.153835 0.00836966
0.0415572 -0.124719 0.0402424 1.96513 0.0236227 -0.154406 0.00844425
0.0418114 -0.125595 0.0404896 1.9737 0.0238491 -0.154977 0.00851917
0.0420663 -0.126474 0.0407367 1.98228 0.0240763 -0.155547 0.00859443
0.0423219 -0.127354 0.0409838 1.99086 0.0243044 -0.156117 0.00867003
0.0425782 -0.128236 0.0412309 1.99944 0.0245333 -0.156686 0.00874598
0.0428351 -0.129121 0.041478 2.00802 0.024763 -0.157256 0.00882226
0.0430928 -0.130007 0.0417251 2.01661 0.0249937 -0.157824 0.00889888
0.0433513 -0.130895 0.041972 2.02519 0.0252252 -0.158392 0.00897585
0.0436104 -0.131785 0.042219 2.03377 0.0254576 -0.15896 0.00905316
0.0438703 -0.132678 0.0424659 2.04236 0.0256908 -0.159528 0.00913081
0.044131 -0.133572 0.0427127 2.05094 0.0259249 -0.160095 0.0092088
0.0443923 -0.134468 0.0429595 2.05953 0.0261598 -0.160662 0.00928714
0.0446544 -0.135367 0.0432062 2.06811 0.0263955 -0.161229 0.00936582
0.0449172 -0.136267 0.0434528 2.0767 0.0266321 -0.161795 0.00944484
0.0451807 -0.13717 0.0436994 2.08529 0.0268695 -0.162361 0.00952421
0.0454449 -0.138074 0.0439459 2.09387 0.0271078 -0.162926 0.00960392
0.0457099 -0.13898 0.0441924 2.10246 0.0273469 -0.163492 0.00968397
0.0459756 -0.139889 0.0444387 2.11105 0.0275868 -0.164057 0.00976437
0.046242 -0.140799 0.044685 2.11964 0.0278276 -0.164621 0.00984511
0.0465092 -0.141712 0.0449311 2.12823 0.0280691 -0.165186 0.00992619
0.0467771 -0.142626 0.0451772 2.13683 0.0283115 -0.165749 0.0100076
0.0470458 -0.143543 0.0454232 2.14542 0.0285547 -0.166313 0.0100894
0.0473152 -0.144461 0.045669 2.15401 0.0287988 -0.166876 0.0101715
0.0475853 -0.145381 0.0459148 2.1626 0.0290436 -0.16744 0.010254
0.0478562 -0.146304 0.0461604 2.1712 0.0292893 -0.168002 0.0103368
0.0481278 -0.147228 0.046406 2.17979 0.0295357 -0.168565 0.01042
0.0484001 -0.148155 0.0466514 2.18839 0.029783 -0.169127 0.0105035
0.0486732 -0.149083 0.0468967 2.19699 0.0300311 -0.169689 0.0105873
0.0489471 -0.150014 0.0471418 2.20558 0.0302799 -0.17025 0.0106715
0.0492217 -0.150946 0.0473868 2.21418 0.0305296 -0.170812 0.010756
0.049497 -0.15188 0.0476317 2.22278 0.0307801 -0.171373 0.0108409
0.0497731 -0.152817 0.0478765 2.23138 0.0310314 -0.171933 0.0109262
0.05005 -0.153755 0.0481211 2.23998 0.0312834 -0.172494 0.0110118
0.0503276 -0.154695 0.0483655 2.24858 0.0315363 -0.173054 0.0110977
0.0506059 -0.155637 0.0486098 2.25718 0.0317899 -0.173614 0.011184
0.0508851 -0.156582 0.0488539 2.26579 0.0320444 -0.174173 0.0112706
0.0511649 -0.157528 0.0490979 2.27439 0.0322996 -0.174733 0.0113576
0.0514456 -0.158476 0.0493417 2.28299 0.0325556 -0.175292 0.0114449
0.051727 -0.159426 0.0495854 2.2916 0.0328124 -0.175851 0.0115326
0.0520091 -0.160378 0.0498289 2.3002 0.03307 -0.176409 0.0116206
0.0522921 -0.161332 0.0500722 2.30881 0.0333283 -0.176967 0.011709
0.0525758 -0.162288 0.0503153 2.31741 0.0335874 -0.177525 0.0117977
0.0528602 -0.163246 0.0505582 2.32602 0.0338473 -0.178083 0.0118868
0.0531455 -0.164206 0.050801 2.33463 0.034108 -0.178641 0.0119762
0.0534315 -0.165168 0.0510435 2.34324 0.0343695 -0.179198 0.012066
0.0537183 -0.166132 0.0512859 2.35185 0.0346317 -0.179755 0.0121561
0.0540059 -0.167098 0.0515281 2.36046 0.0348946 -0.180312 0.0122466
0.0542942 -0.168066 0.0517701 2.36907 0.0351584 -0.180868 0.0123374
0.0545833 -0.169035 0.0520118 2.37768 0.0354229 -0.181424 0.0124286
0.0548732 -0.170007 0.0522534 2.38629 0.0356882 -0.18198 0.0125202
0.0551639 -0.170981 0.0524947 2.3949 0.0359542 -0.182536 0.0126121
0.0554554 -0.171956 0.0527358 2.40352 0.036221 -0.183092 0.0127043
0.0557476 -0.172934 0.0529768 2.41213 0.0364886 -0.183647 0.0127969
0.0560407 -0.173914 0.0532174 2.42074 0.0367569 -0.184202 0.0128899
0.0563345 -0.174895 0.0534579 2.42936 0.0370259 -0.184757 0.0129832
0.0566291 -0.175878 0.0536981 2.43797 0.0372957 -0.185312 0.0130768
0.0569246 -0.176864 0.0539381 2.44659 0.0375663 -0.185866 0.0131709
0.0572208 -0.177851 0.0541779 2.45521 0.0378376 -0.18642 0.0132652
0.0575178 -0.17884 0.0544174 2.46383 0.0381097 -0.186974 0.01336
0.0578156 -0.179832 0.0546567 2.47244 0.0383825 -0.187528 0.013455
0.0581143 -0.180825 0.0548957 2.48106 0.0386561 -0.188081 0.0135505
0.0584137 -0.18182 0.0551345 2.48968 0.0389304 -0.188635 0.0136463
0.0587139 -0.182817 0.055373 2.4983 0.0392054 -0.189188 0.0137424
0.0590149 -0.183816 0.0556113 2.50693 0.0394812 -0.189741 0.013839
0.0593168 -0.184817 0.0558493 2.51555 0.0397577 -0.190293 0.0139358
0.0596194 -0.18582 0.056087 2.52417 0.040035 -0.190846 0.0140331
0.0599229 -0.186824 0.0563245 2.53279 0.040313 -0.191398 0.0141306
0.0602272 -0.187831 0.0565617 2.54142 0.0405917 -0.19195 0.0142286
0.0605323 -0.18884 0.0567986 2.55004 0.0408712 -0.192502 0.0143269
0.0608382 -0.18985 0.0570353 2.55867 0.0411514 -0.193053 0.0144256
0.061145 -0.190863 0.0572716 2.56729 0.0414324 -0.193605 0.0145246
0.0614525 -0.191877 0.0575077 2.57592 0.041714 -0.194156 0.014624
0.0617609 -0.192894 0.0577435 2.58455 0.0419964 -0.194707 0.0147237
0.0620702 -0.193912 0.057979 2.59318 0.0422796 -0.195258 0.0148238
0.0623802 -0.194932 0.0582143 2.6018 0.0425634 -0.195809 0.0149243
0.0626911 -0.195954 0.0584492 2.61043 0.042848 -0.196359 0.0150251
0.0630028 -0.196978 0.0586838 2.61906 0.0431333 -0.196909 0.0151263
0.0633154 -0.198004 0.0589181 2.62769 0.0434193 -0.197459 0.0152279
0.0636288 -0.199032 0.0591521 2.63633 0.0437061 -0.198009 0.0153298
0.063943 -0.200062 0.0593858 2.64496 0.0439936 -0.198559 0.0154321
0.0642581 -0.201094 0.0596192 2.65359 0.0442817 -0.199108 0.0155347
0.064574 -0.202128 0.0598523 2.66222 0.0445707 -0.199657 0.0156377
0.0648907 -0.203163 0.060085 2.67086 0.0448603 -0.200206 0.0157411
0.0652084 -0.204201 0.0603175 2.67949 0.0451506 -0.200755 0.0158448
0.0655268 -0.20524 0.0605496 2.68813 0.0454417 -0.201304 0.0159489
0.0658461 -0.206282 0.0607813 2.69676 0.0457335 -0.201853 0.0160534
0.0661663 -0.207325 0.0610128 2.7054 0.046026 -0.202401 0.0161582
0.0664873 -0.20837 0.0612439 2.71404 0.0463192 -0.202949 0.0162635
0.0668092 -0.209418 0.0614747 2.72268 0.0466131 -0.203497 0.016369
0.067132 -0.210467 0.0617051 2.73131 0.0469077 -0.204045 0.016475
0.0674556 -0.211518 0.0619352 2.73995 0.0472031 -0.204592 0.0165813
0.0677801 -0.212571 0.0621649 2.74859 0.0474991 -0.20514 0.0166879
0.0681054 -0.213625 0.0623943 2.75723 0.0477959 -0.205687 0.016795
0.0684317 -0.214682 0.0626234 2.76588 0.0480933 -0.206234 0.0169024
0.0687588 -0.215741 0.062852 2.77452 0.0483915 -0.206781 0.0170102
0.0690867 -0.216801 0.0630804 2.78316 0.0486904 -0.207328 0.0171183
0.0694156 -0.217864 0.0633083 2.7918 0.0489899 -0.207874 0.0172268
0.0697453 -0.218928 0.0635359 2.80045 0.0492902 -0.208421 0.0173357
0.0700759 -0.219994 0.0637631 2.80909 0.0495912 -0.208967 0.017445
0.0704074 -0.221063 0.06399 2.81774 0.0498929 -0.209513 0.0175546
0.0707398 -0.222133 0.0642165 2.82638 0.0501952 -0.210059 0.0176646
0.0710731 -0.223205 0.0644426 2.83503 0.0504983 -0.210605 0.017775
0.0714073 -0.224279 0.0646683 2.84368 0.0508021 -0.21115 0.0178857
0.0717423 -0.225354 0.0648937 2.85233 0.0511066 -0.211695 0.0179969
0.0720783 -0.226432 0.0651186 2.86097 0.0514117 -0.212241 0.0181084
0.0724151 -0.227512 0.0653432 2.86962 0.0517176 -0.212786 0.0182202
0.0727529 -0.228593 0.0655674 2.87827 0.0520241 -0.213331 0.0183325
0.0730915 -0.229677 0.0657911 2.88692 0.0523314 -0.213875 0.0184451
0.0734311 -0.230762 0.0660145 2.89558 0.0526393 -0.21442 0.0185581
0.0737716 -0.231849 0.0662375 2.90423 0.052948 -0.214964 0.0186714
0.074113 -0.232938 0.0664601 2.91288 0.0532573 -0.215509 0.0187852
0.0744553 -0.234029 0.0666823 2.92153 0.0535673 -0.216053 0.0188993
0.0747985 -0.235122 0.066904 2.93019 0.053878 -0.216597 0.0190138
0.0751426 -0.236217 0.0671254 2.93884 0.0541894 -0.21714 0.0191287
0.0754877 -0.237313 0.0673463 2.9475 0.0545015 -0.217684 0.0192439
0.0758337 -0.238412 0.0675669 2.95615 0.0548143 -0.218227 0.0193595
0.0761806 -0.239512 0.067787 2.96481 0.0551277 -0.218771 0.0194755
0.0765284 -0.240615 0.0680066 2.97347 0.0554419 -0.219314 0.0195919
0.0768772 -0.241719 0.0682259 2.98212 0.0557567 -0.219857 0.0197087
0.0772269 -0.242825 0.0684447 2.99078 0.0560722 -0.220399 0.0198258
0.0775775 -0.243933 0.0686631 2.99944 0.0563884 -0.220942 0.0199434
0.0779291 -0.245043 0.0688811 3.0081 0.0567053 -0.221485 0.0200613
0.0782816 -0.246155 0.0690986 3.01676 0.0570228 -0.222027 0.0201795
0.078635 -0.247269 0.0693157 3.02542 0.057341 -0.222569 0.0202982
0.0789894 -0.248384 0.0695323 3.03408 0.0576599 -0.223111 0.0204173
0.0793448 -0.249501 0.0697485 3.04275 0.0579795 -0.223653 0.0205367
0.0797011 -0.250621 0.0699643 3.05141 0.0582998 -0.224195 0.0206565
0.0800584 -0.251742 0.0701796 3.06007 0.0586208 -0.224736 0.0207767
0.0804166 -0.252865 0.0703944 3.06874 0.0589424 -0.225278 0.0208973
0.0807757 -0.25399 0.0706088 3.0774 0.0592647 -0.225819 0.0210182
0.0811359 -0.255117 0.0708227 3.08607 0.0595876 -0.22636 0.0211396
0.081497 -0.256245 0.0710362 3.09473 0.0599113 -0.226901 0.0212613
0.081859 -0.257376 0.0712492 3.1034 0.0602356 -0.227442 0.0213834
0.0822221 -0.258508 0.0714617 3.11207 0.0605606 -0.227983 0.0215059
0.0825861 -0.259643 0.0716738 3.12074 0.0608863 -0.228523 0.0216288
0.0829511 -0.260779 0.0718854 3.1294 0.0612126 -0.229064 0.0217521
0.083317 -0.261917 0.0720965 3.13807 0.0615396 -0.229604 0.0218757
0.0836839 -0.263057 0.0723072 3.14674 0.0618673 -0.230144 0.0219998
0.0840519 -0.264199 0.0725173 3.15541 0.0621956 -0.230684 0.0221242
0.0844208 -0.265342 0.072727 3.16409 0.0625246 -0.231224 0.022249
0.0847907 -0.266488 0.0729362 3.17276 0.0628543 -0.231763 0.0223742
0.0851615 -0.267635 0.0731449 3.18143 0.0631846 -0.232303 0.0224998
0.0855334 -0.268784 0.0733531 3.1901 0.0635157 -0.232842 0.0226258
0.0859063 -0.269936 0.0735608 3.19878 0.0638473 -0.233381 0.0227522
0.0862802 -0.271088 0.0737681 3.20745 0.0641797 -0.23392 0.022879
0.086655 -0.272243 0.0739748 3.21612 0.0645127 -0.234459 0.0230061
0.0870309 -0.2734 0.074181 3.2248 0.0648463 -0.234998 0.0231337
0.0874078 -0.274558 0.0743868 3.23348 0.0651807 -0.235537 0.0232616
0.0877857 -0.275719 0.074592 3.24215 0.0655156 -0.236075 0.0233899
0.0881646 -0.276881 0.0747967 3.25083 0.0658513 -0.236614 0.0235187
0.0885445 -0.278045 0.0750009 3.25951 0.0661876 -0.237152 0.0236478
0.0889254 -0.279211 0.0752046 3.26819 0.0665246 -0.23769 0.0237773
0.0893074 -0.280379 0.0754077 3.27687 0.0668622 -0.238228 0.0239072
0.0896904 -0.281548 0.0756104 3.28555 0.0672005 -0.238765 0.0240375
0.0900744 -0.28272 0.0758125 3.29423 0.0675394 -0.239303 0.0241682
0.0904594 -0.283893 0.0760141 3.30291 0.067879 -0.239841 0.0242992
0.0908455 -0.285068 0.0762152 3.31159 0.0682192 -0.240378 0.0244307
0.0912326 -0.286245 0.0764158 3.32027 0.0685601 -0.240915 0.0245626
0.0916207 -0.287424 0.0766158 3.32895 0.0689017 -0.241452 0.0246949
0.0920099 -0.288605 0.0768153 3.33764 0.0692439 -0.241989 0.0248275
0.0924001 -0.289787 0.0770142 3.34632 0.0695868 -0.242526 0.0249606
0.0927914 -0.290972 0.0772126 3.355 0.0699303 -0.243062 0.0250941
0.0931837 -0.292158 0.0774105 3.36369 0.0702744 -0.243599 0.0252279
0.0935771 -0.293346 0.0776078 3.37237 0.0706193 -0.244135 0.0253622
0.0939715 -0.294536 0.0778046 3.38106 0.0709647 -0.244671 0.0254968
0.094367 -0.295727 0.0780008 3.38975 0.0713108 -0.245207 0.0256319
0.0947635 -0.296921 0.0781965 3.39843 0.0716576 -0.245743 0.0257673
0.0951612 -0.298116 0.0783916 3.40712 0.072005 -0.246279 0.0259032
0.0955598 -0.299313 0.0785862 3.41581 0.072353 -0.246815 0.0260394
0.0959596 -0.300512 0.0787802 3.4245 0.0727017 -0.24735 0.0261761
0.0963604 -0.301713 0.0789737 3.43319 0.0730511 -0.247885 0.0263131
0.0967623 -0.302915 0.0791665 3.44188 0.073401 -0.248421 0.0264506
0.0971652 -0.30412 0.0793589 3.45057 0.0737517 -0.248956 0.0265884
0.0975693 -0.305326 0.0795506 3.45926 0.0741029 -0.249491 0.0267267
0.0979744 -0.306534 0.0797418 3.46795 0.0744548 -0.250025 0.0268653
0.0983806 -0.307744 0.0799324 3.47664 0.0748074 -0.25056 0.0270044
0.0987879 -0.308956 0.0801225 3.48534 0.0751606 -0.251094 0.0271438
0.0991963 -0.310169 0.0803119 3.49403 0.0755144 -0.251629 0.0272837
0.0996058 -0.311384 0.0805008 3.50272 0.0758689 -0.252163 0.027424
0.100016 -0.312601 0.0806891 3.51142 0.076224 -0.252697 0.0275646
0.100428 -0.31382 0.0808768 3.52011 0.0765797 -0.253231 0.0277057
0.100841 -0.315041 0.081064 3.52881 0.0769361 -0.253765 0.0278472
0.101255 -0.316263 0.0812505 3.5375 0.0772931 -0.254298 0.0279891
0.10167 -0.317488 0.0814365 3.5462 0.0776508 -0.254832 0.0281313
0.102086 -0.318714 0.0816218 3.5549 0.078009 -0.255365 0.028274
0.102503 -0.319942 0.0818066 3.56359 0.0783679 -0.255898 0.0284171
0.102921 -0.321171 0.0819908 3.57229 0.0787275 -0.256431 0.0285607
0.103341 -0.322403 0.0821743 3.58099 0.0790877 -0.256964 0.0287046
0.103762 -0.323636 0.0823573 3.58969 0.0794485 -0.257497 0.0288489
0.104183 -0.324871 0.0825397 3.59839 0.0798099 -0.25803 0.0289936
0.104606 -0.326108 0.0827214 3.60709 0.080172 -0.258562 0.0291388
0.10503 -0.327346 0.0829026 3.61579 0.0805347 -0.259094 0.0292843
0.105455 -0.328587 0.0830831 3.62449 0.080898 -0.259627 0.0294303
0.105881 -0.329829 0.083263 3.63319 0.0812619 -0.260159 0.0295766
0.106309 -0.331073 0.0834423 3.64189 0.0816265 -0.260691 0.0297234
0.106737 -0.332319 0.083621 3.6506 0.0819917 -0.261222 0.0298706
0.107167 -0.333566 0.0837991 3.6593 0.0823575 -0.261754 0.0300182
0.107598 -0.334815 0.0839765 3.668 0.0827239 -0.262285 0.0301662
0.10803 -0.336066 0.0841534 3.67671 0.083091 -0.262817 0.0303146
0.108463 -0.337319 0.0843296 3.68541 0.0834587 -0.263348 0.0304634
0.108897 -0.338574 0.0845051 3.69412 0.083827 -0.263879 0.0306127
0.109333 -0.33983 0.0846801 3.70282 0.0841959 -0.26441 0.0307623
0.10977 -0.341088 0.0848544 3.71153 0.0845655 -0.264941 0.0309124
0.110207 -0.342348 0.0850281 3.72023 0.0849356 -0.265471 0.0310629
0.110646 -0.343609 0.0852011 3.72894 0.0853064 -0.266002 0.0312138
0.111087 -0.344873 0.0853735 3.73765 0.0856778 -0.266532 0.0313651
0.111528 -0.346138 0.0855452 3.74635 0.0860498 -0.267062 0.0315168
0.111971 -0.347405 0.0857164 3.75506 0.0864224 -0.267592 0.0316689
0.112414 -0.348673 0.0858868 3.76377 0.0867957 -0.268122 0.0318215
0.112859 -0.349944 0.0860567 3.77248 0.0871695 -0.268652 0.0319744
0.113305 -0.351216 0.0862258 3.78119 0.087544 -0.269181 0.0321278
0.113753 -0.352489 0.0863943 3.7899 0.087919 -0.269711 0.0322816
0.114201 -0.353765 0.0865622 3.79861 0.0882947 -0.27024 0.0324358
0.114651 -0.355042 0.0867294 3.80732 0.088671 -0.270769 0.0325904
0.115102 -0.356321 0.086896 3.81603 0.0890479 -0.271298 0.0327455
0.115554 -0.357602 0.0870619 3.82474 0.0894254 -0.271827 0.0329009
0.116007 -0.358884 0.0872271 3.83345 0.0898035 -0.272356 0.0330568
0.116462 -0.360169 0.0873917 3.84216 0.0901822 -0.272884 0.0332131
0.116917 -0.361455 0.0875556 3.85087 0.0905616 -0.273413 0.0333698
0.117374 -0.362742 0.0877188 3.85959 0.0909415 -0.273941 0.0335269
0.117833 -0.364032 0.0878814 3.8683 0.091322 -0.274469 0.0336845
0.118292 -0.365323 0.0880433 3.87701 0.0917032 -0.274997 0.0338425
0.118753 -0.366616 0.0882046 3.88573 0.0920849 -0.275525 0.0340009
0.119215 -0.36791 0.0883651 3.89444 0.0924672 -0.276052 0.0341597
0.119678 -0.369206 0.088525 3.90316 0.0928502 -0.27658 0.0343189
0.120142 -0.370504 0.0886842 3.91187 0.0932337 -0.277107 0.0344785
0.120608 -0.371804 0.0888427 3.92059 0.0936178 -0.277635 0.0346386
0.121075 -0.373105 0.0890005 3.9293 0.0940025 -0.278162 0.0347991
0.121543 -0.374408 0.0891577 3.93802 0.0943879 -0.278689 0.03496
0.122012 -0.375713 0.0893141 3.94673 0.0947738 -0.279215 0.0351213
0.122483 -0.377019 0.0894699 3.95545 0.0951603 -0.279742 0.0352831
0.122954 -0.378328 0.089625 3.96417 0.0955474 -0.280268 0.0354452
0.123428 -0.379637 0.0897794 3.97288 0.0959351 -0.280795 0.0356078
0.123902 -0.380949 0.0899331 3.9816 0.0963234 -0.281321 0.0357709
0.124378 -0.382262 0.0900861 3.99032 0.0967122 -0.281847 0.0359343
0.124855 -0.383577 0.0902384 3.99904 0.0971017 -0.282373 0.0360982
0.125333 -0.384893 0.09039 4.00776 0.0974918 -0.282898 0.0362624
0.125812 -0.386212 0.0905409 4.01648 0.0978824 -0.283424 0.0364272
0.126293 -0.387532 0.0906911 4.02519 0.0982736 -0.283949 0.0365923
0.126775 -0.388853 0.0908406 4.03391 0.0986654 -0.284475 0.0367579
0.127258 -0.390176 0.0909894 4.04263 0.0990578 -0.285 0.0369238
0.127743 -0.391501 0.0911375 4.05135 0.0994508 -0.285525 0.0370902
0.128229 -0.392828 0.0912849 4.06007 0.0998443 -0.28605 0.0372571
0.128716 -0.394156 0.0914316 4.06879 0.100238 -0.286574 0.0374243
0.129205 -0.395486 0.0915775 4.07752 0.100633 -0.287099 0.037592
0.129695 -0.396818 0.0917228 4.08624 0.101028 -0.287623 0.0377601
0.130186 -0.398151 0.0918673 4.09496 0.101424 -0.288147 0.0379287
0.130678 -0.399486 0.0920111 4.10368 0.101821 -0.288671 0.0380976
0.131172 -0.400822 0.0921542 4.1124 0.102218 -0.289195 0.038267
0.131667 -0.40216 0.0922965 4.12112 0.102615 -0.289719 0.0384369
0.132163 -0.4035 0.0924382 4.12985 0.103014 -0.290242 0.0386071
0.132661 -0.404841 0.0925791 4.13857 0.103412 -0.290766 0.0387778
0.13316 -0.406185 0.0927193 4.14729 0.103812 -0.291289 0.0389489
0.133661 -0.407529 0.0928587 4.15602 0.104212 -0.291812 0.0391204
0.134162 -0.408876 0.0929974 4.16474 0.104612 -0.292335 0.0392924
0.134665 -0.410224 0.0931354 4.17346 0.105013 -0.292858 0.0394647
0.13517 -0.411573 0.0932727 4.18219 0.105415 -0.29338 0.0396376
0.135675 -0.412924 0.0934092 4.19091 0.105817 -0.293903 0.0398108
0.136183 -0.414277 0.093545 4.19963 0.10622 -0.294425 0.0399845
0.136691 -0.415632 0.0936801 4.20836 0.106623 -0.294947 0.0401586
0.137201 -0.416988 0.0938144 4.21708 0.107027 -0.295469 0.0403331
0.137712 -0.418345 0.093948 4.22581 0.107431 -0.295991 0.0405081
0.138224 -0.419705 0.0940808 4.23453 0.107836 -0.296513 0.0406835
0.138738 -0.421065 0.0942129 4.24326 0.108242 -0.297034 0.0408593
0.139253 -0.422428 0.0943442 4.25198 0.108648 -0.297556 0.0410356
0.13977 -0.423792 0.0944748 4.26071 0.109054 -0.298077 0.0412122
0.140288 -0.425158 0.0946046 4.26943 0.109462 -0.298598 0.0413894
0.140807 -0.426525 0.0947337 4.27816 0.109869 -0.299119 0.0415669
0.141328 -0.427894 0.0948621 4.28689 0.110278 -0.299639 0.0417449
0.14185 -0.429264 0.0949897 4.29561 0.110687 -0.30016 0.0419233
0.142374 -0.430636 0.0951165 4.30434 0.111096 -0.30068 0.0421022
0.142899 -0.43201 0.0952426 4.31306 0.111506 -0.3012 0.0422814
0.143425 -0.433385 0.0953679 4.32179 0.111917 -0.301721 0.0424611
0.143953 -0.434762 0.0954924 4.33052 0.112328 -0.30224 0.0426413
0.144482 -0.43614 0.0956162 4.33924 0.112739 -0.30276 0.0428219
0.145012 -0.43752 0.0957393 4.34797 0.113151 -0.30328 0.0430029
0.145544 -0.438902 0.0958615 4.3567 0.113564 -0.303799 0.0431843
0.146078 -0.440285 0.095983 4.36543 0.113977 -0.304318 0.0433662
0.146612 -0.441669 0.0961038 4.37415 0.114391 -0.304837 0.0435485
0.147148 -0.443055 0.0962238 4.38288 0.114806 -0.305356 0.0437313
0.147686 -0.444443 0.096343 4.39161 0.115221 -0.305875 0.0439144
0.148225 -0.445832 0.0964614 4.40033 0.115636 -0.306394 0.0440981
0.148765 -0.447223 0.0965791 4.40906 0.116052 -0.306912 0.0442821
0.149307 -0.448615 0.096696 4.41779 0.116468 -0.30743 0.0444666
0.149851 -0.450009 0.0968121 4.42652 0.116885 -0.307948 0.0446515
0.150395 -0.451405 0.0969274 4.43525 0.117303 -0.308466 0.0448369
0.150941 -0.452802 0.097042 4.44397 0.117721 -0.308984 0.0450226
0.151489 -0.4542 0.0971557 4.4527 0.11814 -0.309502 0.0452089
0.152038 -0.4556 0.0972687 4.46143 0.118559 -0.310019 0.0453955
0.152589 -0.457002 0.097381 4.47016 0.118979 -0.310536 0.0455826
0.153141 -0.458405 0.0974924 4.47888 0.119399 -0.311053 0.0457702
0.153694 -0.459809 0.0976031 4.48761 0.11982 -0.31157 0.0459581
0.154249 -0.461215 0.0977129 4.49634 0.120241 -0.312087 0.0461465
0.154805 -0.462623 0.097822 4.50507 0.120663 -0.312604 0.0463354
0.155363 -0.464032 0.0979303 4.5138 0.121085 -0.31312 0.0465247
0.155922 -0.465443 0.0980378 4.52252 0.121508 -0.313636 0.0467144
0.156483 -0.466855 0.0981446 4.53125 0.121932 -0.314152 0.0469045
0.157046 -0.468268 0.0982505 4.53998 0.122355 -0.314668 0.0470951
0.157609 -0.469683 0.0983556 4.54871 0.12278 -0.315184 0.0472862
0.158174 -0.4711 0.09846 4.55744 0.123205 -0.3157 0.0474776
0.158741 -0.472518 0.0985635 4.56616 0.12363 -0.316215 0.0476695
0.159309 -0.473938 0.0986663 4.57489 0.124056 -0.31673 0.0478619
0.159879 -0.475359 0.0987682 4.58362 0.124483 -0.317245 0.0480547
0.16045 -0.476781 0.0988694 4.59235 0.12491 -0.31776 0.0482479
0.161023 -0.478205 0.0989697 4.60108 0.125337 -0.318275 0.0484415
0.161597 -0.479631 0.0990693 4.6098 0.125766 -0.318789 0.0486356
0.162173 -0.481057 0.0991681 4.61853 0.126194 -0.319304 0.0488302
0.16275 -0.482486 0.099266 4.62726 0.126623 -0.319818 0.0490252
0.163329 -0.483916 0.0993632 4.63599 0.127053 -0.320332 0.0492206
0.163909 -0.485347 0.0994595 4.64471 0.127483 -0.320846 0.0494164
0.164491 -0.48678 0.0995551 4.65344 0.127913 -0.321359 0.0496127
0.165075 -0.488214 0.0996498 4.66217 0.128345 -0.321873 0.0498094
0.16566 -0.48965 0.0997437 4.6709 0.128776 -0.322386 0.0500066
0.166246 -0.491087 0.0998369 4.67962 0.129208 -0.322899 0.0502042
0.166834 -0.492525 0.0999292 4.68835 0.129641 -0.323412 0.0504023
0.167423 -0.493965 0.100021 4.69708 0.130074 -0.323925 0.0506008
0.168014 -0.495407 0.100111 4.7058 0.130508 -0.324438 0.0507997
0.168607 -0.496849 0.100201 4.71453 0.130942 -0.32495 0.0509991
0.169201 -0.498294 0.10029 4.72326 0.131376 -0.325462 0.0511989
0.169797 -0.499739 0.100379 4.73198 0.131811 -0.325974 0.0513991
0.170394 -0.501186 0.100466 4.74071 0.132247 -0.326486 0.0515998
0.170993 -0.502635 0.100553 4.74944 0.132683 -0.326998 0.051801
0.171594 -0.504085 0.100638 4.75816 0.13312 -0.327509 0.0520025
0.172195 -0.505536 0.100723 4.76689 0.133557 -0.328021 0.0522046
0.172799 -0.506989 0.100808 4.77561 0.133994 -0.328532 0.052407
0.173404 -0.508443 0.100891 4.78434 0.134432 -0.329043 0.0526099
0.174011 -0.509898 0.100973 4.79306 0.134871 -0.329554 0.0528133
0.174619 -0.511355 0.101055 4.80179 0.13531 -0.330065 0.053017
0.175229 -0.512814 0.101136 4.81051 0.135749 -0.330575 0.0532213
0.175841 -0.514273 0.101216 4.81924 0.136189 -0.331085 0.0534259
0.176454 -0.515734 0.101295 4.82796 0.13663 -0.331595 0.053631
0.177068 -0.517197 0.101374 4.83669 0.137071 -0.332105 0.0538366
0.177685 -0.518661 0.101451 4.84541 0.137512 -0.332615 0.0540426
0.178303 -0.520126 0.101528 4.85414 0.137954 -0.333125 0.054249
0.178922 -0.521592 0.101604 4.86286 0.138396 -0.333634 0.0544559
0.179543 -0.52306 0.101679 4.87158 0.138839 -0.334143 0.0546632
0.180166 -0.524529 0.101753 4.88031 0.139282 -0.334652 0.0548709
0.18079 -0.526 0.101827 4.88903 0.139726 -0.335161 0.0550791
0.181416 -0.527472 0.101899 4.89775 0.14017 -0.33567 0.0552878
0.182044 -0.528945 0.101971 4.90648 0.140615 -0.336178 0.0554968
0.182673 -0.53042 0.102042 4.9152 0.14106 -0.336687 0.0557064
0.183304 -0.531896 0.102112 4.92392 0.141506 -0.337195 0.0559163
0.183937 -0.533373 0.102181 4.93264 0.141952 -0.337703 0.0561267
0.184571 -0.534852 0.10225 4.94136 0.142399 -0.33821 0.0563376
0.185207 -0.536332 0.102317 4.95008 0.142846 -0.338718 0.0565489
0.185844 -0.537813 0.102384 4.95881 0.143293 -0.339225 0.0567606
0.186483 -0.539296 0.10245 4.96753 0.143741 -0.339732 0.0569728
0.187124 -0.54078 0.102515 4.97625 0.144189 -0.340239 0.0571854
0.187767 -0.542265 0.10258 4.98497 0.144638 -0.340746 0.0573985
0.188411 -0.543752 0.102643 4.99369 0.145088 -0.341253 0.057612
0.189057 -0.54524 0.102706 5.00241 0.145537 -0.341759 0.0578259
0.189704 -0.546729 0.102767 5.01112 0.145988 -0.342266 0.0580403
0.190353 -0.548219 0.102828 5.01984 0.146438 -0.342772 0.0582552
0.191004 -0.549711 0.102888 5.02856 0.146889 -0.343278 0.0584705
0.191656 -0.551204 0.102947 5.03728 0.147341 -0.343783 0.0586862
0.192311 -0.552698 0.103006 5.046 0.147793 -0.344289 0.0589023
0.192967 -0.554194 0.103063 5.05471 0.148245 -0.344794 0.059119
0.193624 -0.555691 0.10312 5.06343 0.148698 -0.345299 0.059336
0.194283 -0.557189 0.103176 5.07215 0.149152 -0.345804 0.0595535
0.194944 -0.558689 0.103231 5.08086 0.149606 -0.346309 0.0597714
0.195607 -0.560189 0.103285 5.08958 0.15006 -0.346814 0.0599898
0.196271 -0.561691 0.103338 5.0983 0.150515 -0.347318 0.0602086
0.196938 -0.563195 0.103391 5.10701 0.15097 -0.347822 0.0604279
0.197605 -0.564699 0.103443 5.11573 0.151425 -0.348326 0.0606476
0.198275 -0.566205 0.103493 5.12444 0.151881 -0.34883 0.0608678
0.198946 -0.567712 0.103543 5.13315 0.152338 -0.349334 0.0610884
0.199619 -0.56922 0.103592 5.14187 0.152794 -0.349837 0.0613094
0.200294 -0.57073 0.103641 5.15058 0.153252 -0.35034 0.0615309
0.20097 -0.57224 0.103688 5.15929 0.153709 -0.350843 0.0617528
0.201649 -0.573752 0.103734 5.16801 0.154168 -0.351346 0.0619752
0.202329 -0.575265 0.10378 5.17672 0.154626 -0.351849 0.062198
0.20301 -0.57678 0.103825 5.18543 0.155085 -0.352351 0.0624212
0.203694 -0.578295 0.103869 5.19414 0.155545 -0.352854 0.0626449
0.204379 -0.579812 0.103912 5.20285 0.156004 -0.353356 0.0628691
0.205066 -0.58133 0.103954 5.21156 0.156465 -0.353858 0.0630937
0.205755 -0.582849 0.103996 5.22027 0.156925 -0.354359 0.0633187
0.206445 -0.58437 0.104036 5.22898 0.157386 -0.354861 0.0635442
0.207137 -0.585892 0.104076 5.23769 0.157848 -0.355362 0.0637701
0.207831 -0.587414 0.104115 5.2464 0.15831 -0.355863 0.0639964
0.208527 -0.588938 0.104153 5.2551 0.158772 -0.356364 0.0642233
0.209225 -0.590464 0.10419 5.26381 0.159235 -0.356865 0.0644505
0.209924 -0.59199 0.104227 5.27252 0.159698 -0.357365 0.0646782
0.210625 -0.593518 0.104262 5.28122 0.160162 -0.357866 0.0649063
0.211328 -0.595046 0.104297 5.28993 0.160626 -0.358366 0.0651349
0.212033 -0.596576 0.10433 5.29864 0.16109 -0.358866 0.0653639
0.21274 -0.598107 0.104363 5.30734 0.161555 -0.359366 0.0655934
0.213448 -0.59964 0.104395 5.31604 0.16202 -0.359865 0.0658233
0.214158 -0.601173 0.104427 5.32475 0.162486 -0.360365 0.0660536
0.21487 -0.602708 0.104457 5.33345 0.162952 -0.360864 0.0662844
0.215584 -0.604243 0.104486 5.34215 0.163418 -0.361363 0.0665156
0.216299 -0.60578 0.104515 5.35085 0.163885 -0.361862 0.0667473
0.217017 -0.607318 0.104543 5.35956 0.164352 -0.36236 0.0669794
0.217736 -0.608857 0.10457 5.36826 0.16482 -0.362859 0.067212
0.218457 -0.610398 0.104596 5.37696 0.165288 -0.363357 0.067445
0.21918 -0.611939 0.104621 5.38566 0.165756 -0.363855 0.0676784
0.219905 -0.613482 0.104645 5.39436 0.166225 -0.364353 0.0679123
0.220631 -0.615025 0.104669 5.40305 0.166694 -0.36485 0.0681466
0.22136 -0.61657 0.104692 5.41175 0.167164 -0.365348 0.0683814
0.22209 -0.618116 0.104713 5.42045 0.167634 -0.365845 0.0686166
0.222822 -0.619663 0.104734 5.42915 0.168104 -0.366342 0.0688523
0.223556 -0.621211 0.104754 5.43784 0.168575 -0.366839 0.0690884
0.224292 -0.62276 0.104774 5.44654 0.169046 -0.367335 0.0693249
0.22503 -0.624311 0.104792 5.45523 0.169517 -0.367832 0.0695619
0.225769 -0.625862 0.10481 5.46393 0.169989 -0.368328 0.0697993
0.226511 -0.627415 0.104826 5.47262 0.170461 -0.368824 0.0700372
0.227254 -0.628968 0.104842 5.48131 0.170934 -0.36932 0.0702755
0.227999 -0.630523 0.104857 5.49001 0.171407 -0.369815 0.0705143
0.228746 -0.632079 0.104871 5.4987 0.17188 -0.370311 0.0707534
0.229495 -0.633635 0.104884 5.50739 0.172354 -0.370806 0.0709931
0.230246 -0.635193 0.104897 5.51608 0.172828 -0.371301 0.0712332
0.230999 -0.636752 0.104908 5.52477 0.173303 -0.371796 0.0714737
0.231753 -0.638312 0.104919 5.53346 0.173778 -0.372291 0.0717146
0.23251 -0.639873 0.104929 5.54215 0.174253 -0.372785 0.071956
0.233268 -0.641435 0.104938 5.55083 0.174728 -0.373279 0.0721979
0.234029 -0.642998 0.104946 5.55952 0.175204 -0.373773 0.0724401
0.234791 -0.644563 0.104953 5.56821 0.175681 -0.374267 0.0726829
0.235555 -0.646128 0.104959 5.57689 0.176157 -0.374761 0.072926
0.236321 -0.647694 0.104965 5.58558 0.176634 -0.375254 0.0731696
0.237089 -0.649261 0.10497 5.59426 0.177112 -0.375747 0.0734137
0.237859 -0.65083 0.104973 5.60294 0.177589 -0.37624 0.0736582
0.238631 -0.652399 0.104976 5.61163 0.178067 -0.376733 0.0739031
0.239405 -0.653969 0.104978 5.62031 0.178546 -0.377226 0.0741485
0.240181 -0.655541 0.10498 5.62899 0.179025 -0.377718 0.0743943
0.240959 -0.657113 0.10498 5.63767 0.179504 -0.37821 0.0746405
0.241738 -0.658687 0.10498 5.64635 0.179983 -0.378702 0.0748872
0.24252 -0.660261 0.104978 5.65503 0.180463 -0.379194 0.0751343
0.243303 -0.661836 0.104976 5.66371 0.180943 -0.379686 0.0753819
0.244089 -0.663413 0.104973 5.67238 0.181424 -0.380177 0.0756299
0.244876 -0.66499 0.104969 5.68106 0.181905 -0.380668 0.0758783
0.245666 -0.666568 0.104964 5.68974 0.182386 -0.381159 0.0761272
0.246457 -0.668148 0.104959 5.69841 0.182868 -0.38165 0.0763766
0.247251 -0.669728 0.104952 5.70709 0.18335 -0.382141 0.0766263
0.248046 -0.671309 0.104945 5.71576 0.183832 -0.382631 0.0768765
0.248843 -0.672892 0.104937 5.72443 0.184314 -0.383121 0.0771272
0.249643 -0.674475 0.104928 5.7331 0.184797 -0.383611 0.0773782
0.250444 -0.676059 0.104918 5.74177 0.185281 -0.384101 0.0776298
0.251247 -0.677644 0.104907 5.75044 0.185764 -0.38459 0.0778817
0.252053 -0.67923 0.104896 5.75911 0.186248 -0.38508 0.0781341
0.25286 -0.680817 0.104884 5.76778 0.186732 -0.385569 0.0783869
0.253669 -0.682405 0.10487 5.77645 0.187217 -0.386058 0.0786402
0.25448 -0.683994 0.104856 5.78512 0.187702 -0.386546 0.0788939
0.255294 -0.685584 0.104841 5.79378 0.188187 -0.387035 0.0791481
0.256109 -0.687175 0.104825 5.80245 0.188673 -0.387523 0.0794027
0.256927 -0.688766 0.104809 5.81111 0.189158 -0.388011 0.0796577
0.257746 -0.690359 0.104791 5.81978 0.189645 -0.388499 0.0799131
0.258567 -0.691952 0.104773 5.82844 0.190131 -0.388987 0.080169
0.259391 -0.693547 0.104754 5.8371 0.190618 -0.389474 0.0804254
0.260217 -0.695141 0.104734 5.84576 0.191105 -0.389961 0.0806822
0.261044 -0.696738 0.104713 5.85442 0.191592 -0.390449 0.0809394
0.261874 -0.698335 0.104691 5.86308 0.19208 -0.390935 0.081197
0.262705 -0.699934 0.104668 5.87174 0.192568 -0.391422 0.0814551
0.263539 -0.701532 0.104645 5.88039 0.193057 -0.391908 0.0817136
0.264374 -0.703132 0.104621 5.88905 0.193545 -0.392395 0.0819726
0.265212 -0.704732 0.104596 5.89771 0.194035 -0.392881 0.082232
0.266052 -0.706334 0.10457 5.90636 0.194524 -0.393366 0.0824918
0.266894 -0.707936 0.104543 5.91501 0.195013 -0.393852 0.0827521
0.267738 -0.70954 0.104515 5.92367 0.195503 -0.394337 0.0830128
0.268584 -0.711144 0.104487 5.93232 0.195994 -0.394823 0.0832739
0.269432 -0.712749 0.104457 5.94097 0.196484 -0.395308 0.0835355
0.270283 -0.714355 0.104427 5.94962 0.196975 -0.395792 0.0837975
0.271135 -0.715961 0.104396 5.95827 0.197466 -0.396277 0.0840599
0.271989 -0.717569 0.104364 5.96692 0.197957 -0.396761 0.0843228
0.272846 -0.719177 0.104332 5.97556 0.198449 -0.397245 0.0845861
0.273705 -0.720787 0.104298 5.98421 0.198941 -0.397729 0.0848498
0.274565 -0.722397 0.104264 5.99285 0.199433 -0.398213 0.085114
0.275428 -0.724008 0.104228 6.0015 0.199926 -0.398697 0.0853786
0.276293 -0.72562 0.104192 6.01014 0.200419 -0.39918 0.0856437
0.27716 -0.727232 0.104155 6.01878 0.200912 -0.399663 0.0859091
0.278029 -0.728846 0.104118 6.02742 0.201405 -0.400146 0.086175
0.2789 -0.73046 0.104079 6.03606 0.201899 -0.400629 0.0864414
0.279774 -0.732075 0.10404 6.0447 0.202393 -0.401111 0.0867082
0.280649 -0.733691 0.103999 6.05334 0.202887 -0.401593 0.0869754
0.281527 -0.735307 0.103958 6.06198 0.203382 -0.402075 0.087243
0.282407 -0.736925 0.103916 6.07062 0.203877 -0.402557 0.0875111
0.283289 -0.738543 0.103874 6.07925 0.204372 -0.403039 0.0877796
0.284173 -0.740162 0.10383 6.08788 0.204867 -0.40352 0.0880485
0.285059 -0.741782 0.103786 6.09652 0.205363 -0.404001 0.0883179
0.285947 -0.743402 0.10374 6.10515 0.205859 -0.404482 0.0885877
0.286838 -0.745024 0.103694 6.11378 0.206355 -0.404963 0.0888579
0.287731 -0.746646 0.103647 6.12241 0.206852 -0.405444 0.0891286
0.288626 -0.748269 0.1036 6.13104 0.207348 -0.405924 0.0893997
0.289523 -0.749892 0.103551 6.13967 0.207845 -0.406404 0.0896712
0.290422 -0.751517 0.103502 6.14829 0.208343 -0.406884 0.0899431
0.291323 -0.753142 0.103452 6.15692 0.20884 -0.407364 0.0902155
0.292227 -0.754768 0.103401 6.16554 0.209338 -0.407844 0.0904883
0.293133 -0.756395 0.103349 6.17417 0.209836 -0.408323 0.0907616
0.294041 -0.758022 0.103296 6.18279 0.210334 -0.408802 0.0910352
0.294951 -0.75965 0.103242 6.19141 0.210833 -0.409281 0.0913093
0.295863 -0.761279 0.103188 6.20003 0.211332 -0.409759 0.0915839
0.296778 -0.762909 0.103133 6.20865 0.211831 -0.410238 0.0918588
0.297694 -0.764539 0.103077 6.21727 0.21233 -0.410716 0.0921342
0.298613 -0.76617 0.10302 6.22588 0.21283 -0.411194 0.09241
0.299535 -0.767802 0.102963 6.2345 0.213329 -0.411672 0.0926863
0.300458 -0.769434 0.102904 6.24311 0.21383 -0.41215 0.0929629
0.301384 -0.771068 0.102845 6.25173 0.21433 -0.412627 0.09324
0.302311 -0.772701 0.102785 6.26034 0.21483 -0.413104 0.0935175
0.303241 -0.774336 0.102724 6.26895 0.215331 -0.413581 0.0937955
0.304174 -0.775971 0.102662 6.27756 0.215832 -0.414058 0.0940739
0.305108 -0.777607 0.1026 6.28617 0.216334 -0.414535 0.0943527
0.306045 -0.779244 0.102536 6.29478 0.216835 -0.415011 0.0946319
0.306984 -0.780881 0.102472 6.30338 0.217337 -0.415487 0.0949116
0.307925 -0.782519 0.102407 6.31199 0.217839 -0.415963 0.0951916
0.308869 -0.784158 0.102342 6.32059 0.218341 -0.416439 0.0954722
0.309815 -0.785797 0.102275 6.3292 0.218844 -0.416914 0.0957531
0.310763 -0.787437 0.102208 6.3378 0.219346 -0.417389 0.0960345
0.311713 -0.789078 0.10214 6.3464 0.219849 -0.417864 0.0963162
0.312666 -0.790719 0.102071 6.355 0.220352 -0.418339 0.0965984
0.31362 -0.792361 0.102001 6.3636 0.220856 -0.418814 0.0968811
0.314578 -0.794004 0.10193 6.37219 0.221359 -0.419288 0.0971641
0.315537 -0.795647 0.101859 6.38079 0.221863 -0.419762 0.0974476
0.316499 -0.797291 0.101787 6.38939 0.222367 -0.420236 0.0977315
0.317463 -0.798936 0.101714 6.39798 0.222872 -0.42071 0.0980158
0.318429 -0.800581 0.10164 6.40657 0.223376 -0.421184 0.0983006
0.319398 -0.802227 0.101565 6.41516 0.223881 -0.421657 0.0985858
0.320369 -0.803873 0.10149 6.42375 0.224386 -0.42213 0.0988714
0.321342 -0.80552 0.101414 6.43234 0.224891 -0.422603 0.0991574
0.322317 -0.807168 0.101337 6.44093 0.225396 -0.423076 0.0994438
0.323295 -0.808816 0.101259 6.44951 0.225902 -0.423548 0.0997307
0.324275 -0.810465 0.10118 6.4581 0.226408 -0.424021 0.100018
0.325258 -0.812115 0.101101 6.46668 0.226914 -0.424493 0.100306
0.326242 -0.813765 0.101021 6.47526 0.22742 -0.424965 0.100594
0.32723 -0.815415 0.10094 6.48385 0.227927 -0.425436 0.100882
0.328219 -0.817067 0.100858 6.49243 0.228433 -0.425908 0.101171
0.329211 -0.818719 0.100776 6.501 0.22894 -0.426379 0.101461
0.330205 -0.820371 0.100692 6.50958 0.229447 -0.42685 0.10175
0.331201 -0.822024 0.100608 6.51816 0.229954 -0.427321 0.102041
0.3322 -0.823678 0.100523 6.52673 0.230462 -0.427791 0.102331
0.333201 -0.825332 0.100438 6.53531 0.230969 -0.428262 0.102622
0.334205 -0.826986 0.100351 6.54388 0.231477 -0.428732 0.102914
0.335211 -0.828642 0.100264 6.55245 0.231985 -0.429202 0.103206
0.336219 -0.830298 0.100176 6.56102 0.232494 -0.429671 0.103498
0.33723 -0.831954 0.100087 6.56959 0.233002 -0.430141 0.103791
0.338243 -0.833611 0.0999975 6.57815 0.233511 -0.43061 0.104084
0.339258 -0.835268 0.0999071 6.58672 0.234019 -0.431079 0.104378
0.340276 -0.836926 0.099816 6.59528 0.234528 -0.431548 0.104672
0.341296 -0.838585 0.0997241 6.60385 0.235038 -0.432017 0.104966
0.342319 -0.840244 0.0996314 6.61241 0.235547 -0.432485 0.105261
0.343344 -0.841903 0.099538 6.62097 0.236057 -0.432953 0.105556
0.344371 -0.843564 0.0994438 6.62953 0.236566 -0.433421 0.105852
0.345401 -0.845224 0.0993488 6.63809 0.237076 -0.433889 0.106148
0.346433 -0.846885 0.0992531 6.64664 0.237586 -0.434357 0.106444
0.347467 -0.848547 0.0991565 6.6552 0.238097 -0.434824 0.106741
0.348504 -0.850209 0.0990593 6.66375 0.238607 -0.435291 0.107038
0.349544 -0.851872 0.0989612 6.6723 0.239118 -0.435758 0.107336
0.350586 -0.853535 0.0988624 6.68085 0.239628 -0.436225 0.107634
0.35163 -0.855199 0.0987629 6.6894 0.240139 -0.436691 0.107933
0.352677 -0.856863 0.0986625 6.69795 0.240651 -0.437158 0.108232
0.353726 -0.858527 0.0985614 6.7065 0.241162 -0.437624 0.108531
0.354777 -0.860192 0.0984596 6.71504 0.241673 -0.43809 0.108831
0.355831 -0.861858 0.098357 6.72359 0.242185 -0.438555 0.109131
0.356888 -0.863524 0.0982537 6.73213 0.242697 -0.439021 0.109432
0.357947 -0.865191 0.0981495 6.74067 0.243209 -0.439486 0.109733
0.359008 -0.866858 0.0980447 6.74921 0.243721 -0.439951 0.110034
0.360072 -0.868525 0.0979391 6.75775 0.244233 -0.440416 0.110336
0.361138 -0.870193 0.0978327 6.76629 0.244746 -0.44088 0.110638
0.362207 -0.871861 0.0977256 6.77482 0.245258 -0.441345 0.110941
0.363278 -0.87353 0.0976178 6.78336 0.245771 -0.441809 0.111244
0.364352 -0.875199 0.0975092 6.79189 0.246284 -0.442273 0.111548
0.365428 -0.876869 0.0973998 6.80042 0.246797 -0.442736 0.111851
0.366507 -0.878539 0.0972898 6.80895 0.247311 -0.4432 0.112156
0.367588 -0.88021 0.0971789 6.81748 0.247824 -0.443663 0.112461
0.368672 -0.881881 0.0970674 6.826 0.248338 -0.444126 0.112766
0.369758 -0.883552 0.0969551 6.83453 0.248851 -0.444589 0.113071
0.370847 -0.885224 0.096842 6.84305 0.249365 -0.445052 0.113377
0.371938 -0.886896 0.0967283 6.85158 0.249879 -0.445514 0.113683
0.373032 -0.888569 0.0966138 6.8601 0.250393 -0.445976 0.11399
0.374128 -0.890242 0.0964985 6.86862 0.250907 -0.446438 0.114297
0.375227 -0.891915 0.0963826 6.87714 0.251422 -0.4469 0.114605
0.376328 -0.893589 0.0962659 6.88565 0.251936 -0.447362 0.114913
0.377432 -0.895263 0.0961485 6.89417 0.252451 -0.447823 0.115221
0.378538 -0.896938 0.0960303 6.90268 0.252966 -0.448284 0.11553
0.379647 -0.898613 0.0959114 6.91119 0.253481 -0.448745 0.115839
0.380758 -0.900288 0.0957919 6.91971 0.253996 -0.449206 0.116149
0.381872 -0.901964 0.0956715 6.92822 0.254511 -0.449666 0.116459
0.382989 -0.90364 0.0955505 6.93672 0.255027 -0.450126 0.116769
0.384108 -0.905316 0.0954287 6.94523 0.255542 -0.450587 0.11708
0.385229 -0.906993 0.0953063 6.95373 0.256058 -0.451046 0.117391
0.386353 -0.908671 0.0951831 6.96224 0.256574 -0.451506 0.117703
0.38748 -0.910348 0.0950592 6.97074 0.25709 -0.451965 0.118015
0.388609 -0.912026 0.0949346 6.97924 0.257606 -0.452425 0.118327
0.389741 -0.913704 0.0948093 6.98774 0.258122 -0.452884 0.11864
0.390876 -0.915383 0.0946832 6.99624 0.258638 -0.453342 0.118953
0.392013 -0.917062 0.0945565 7.00473 0.259154 -0.453801 0.119267
0.393152 -0.918741 0.094429 7.01323 0.259671 -0.454259 0.119581
0.394295 -0.920421 0.0943009 7.02172 0.260188 -0.454717 0.119895
0.395439 -0.922101 0.094172 7.03021 0.260704 -0.455175 0.12021
0.396587 -0.923781 0.0940425 7.0387 0.261221 -0.455633 0.120525
0.397737 -0.925462 0.0939122 7.04719 0.261738 -0.456091 0.120841
0.398889 -0.927143 0.0937813 7.05568 0.262255 -0.456548 0.121157
0.400045 -0.928824 0.0936496 7.06416 0.262772 -0.457005 0.121473
0.401202 -0.930506 0.0935173 7.07264 0.26329 -0.457462 0.12179
0.402363 -0.932187 0.0933843 7.08113 0.263807 -0.457918 0.122107
0.403526 -0.93387 0.0932505 7.08961 0.264325 -0.458375 0.122425
0.404692 -0.935552 0.0931161 7.09809 0.264842 -0.458831 0.122743
0.40586 -0.937235 0.092981 7.10656 0.26536 -0.459287 0.123062
0.407031 -0.938918 0.0928452 7.11504 0.265878 -0.459743 0.12338
0.408205 -0.940601 0.0927088 7.12351 0.266396 -0.460198 0.1237
0.409381 -0.942285 0.0925716 7.13198 0.266914 -0.460654 0.124019
0.41056 -0.943969 0.0924338 7.14046 0.267432 -0.461109 0.124339
0.411741 -0.945653 0.0922953 7.14893 0.26795 -0.461564 0.124659
0.412926 -0.947337 0.0921561 7.15739 0.268469 -0.462019 0.12498
0.414113 -0.949022 0.0920162 7.16586 0.268987 -0.462473 0.125301
0.415302 -0.950707 0.0918757 7.17432 0.269505 -0.462927 0.125623
0.416494 -0.952392 0.0917344 7.18279 0.270024 -0.463381 0.125945
0.417689 -0.954078 0.0915926 7.19125 0.270543 -0.463835 0.126267
0.418887 -0.955763 0.09145 7.19971 0.271062 -0.464289 0.12659
0.420087 -0.957449 0.0913068 7.20817 0.27158 -0.464742 0.126913
0.42129 -0.959136 0.0911629 7.21662 0.272099 -0.465196 0.127237
0.422496 -0.960822 0.0910183 7.22508 0.272619 -0.465649 0.127561
0.423704 -0.962509 0.0908731 7.23353 0.273138 -0.466102 0.127885
0.424915 -0.964196 0.0907273 7.24198 0.273657 -0.466554 0.12821
0.426129 -0.965883 0.0905807 7.25043 0.274176 -0.467006 0.128535
0.427345 -0.96757 0.0904335 7.25888 0.274696 -0.467459 0.12886
0.428564 -0.969258 0.0902857 7.26733 0.275215 -0.467911 0.129186
0.429786 -0.970945 0.0901372 7.27577 0.275735 -0.468362 0.129512
0.431011 -0.972633 0.089988 7.28422 0.276254 -0.468814 0.129839
0.432238 -0.974322 0.0898382 7.29266 0.276774 -0.469265 0.130166
0.433468 -0.97601 0.0896878 7.3011 0.277294 -0.469716 0.130493
0.434701 -0.977699 0.0895367 7.30954 0.277813 -0.470167 0.130821
0.435936 -0.979388 0.089385 7.31797 0.278333 -0.470618 0.131149
0.437175 -0.981077 0.0892326 7.32641 0.278853 -0.471068 0.131478
0.438416 -0.982766 0.0890796 7.33484 0.279373 -0.471519 0.131807
0.43966 -0.984455 0.0889259 7.34327 0.279894 -0.471969 0.132136
0.440906 -0.986145 0.0887716 7.3517 0.280414 -0.472419 0.132466
0.442155 -0.987834 0.0886167 7.36013 0.280934 -0.472868 0.132796
0.443407 -0.989524 0.0884611 7.36856 0.281454 -0.473318 0.133127
0.444662 -0.991214 0.0883049 7.37698 0.281975 -0.473767 0.133458
0.44592 -0.992905 0.0881481 7.38541 0.282495 -0.474216 0.133789
0.44718 -0.994595 0.0879907 7.39383 0.283016 -0.474665 0.134121
0.448443 -0.996286 0.0878326 7.40225 0.283536 -0.475113 0.134453
0.449709 -0.997976 0.0876739 7.41067 0.284057 -0.475561 0.134785
0.450978 -0.999667 0.0875146 7.41908 0.284577 -0.47601 0.135118
0.452249 -1.00136 0.0873547 7.4275 0.285098 -0.476458 0.135451
0.453524 -1.00305 0.0871941 7.43591 0.285619 -0.476905 0.135785
0.454801 -1.00474 0.0870329 7.44432 0.28614 -0.477353 0.136119
0.456081 -1.00643 0.0868711 7.45273 0.286661 -0.4778 0.136453
0.457363 -1.00812 0.0867087 7.46114 0.287181 -0.478247 0.136788
0.458649 -1.00982 0.0865457 7.46955 0.287702 -0.478694 0.137123
0.459937 -1.01151 0.0863821 7.47795 0.288223 -0.479141 0.137458
0.461229 -1.0132 0.0862179 7.48636 0.288744 -0.479587 0.137794
0.462523 -1.01489 0.0860531 7.49476 0.289266 -0.480034 0.13813
0.463819 -1.01658 0.0858876 7.50316 0.289787 -0.48048 0.138467
0.465119 -1.01828 0.0857216 7.51155 0.290308 -0.480925 0.138804
0.466422 -1.01997 0.085555 7.51995 0.290829 -0.481371 0.139141
0.467727 -1.02166 0.0853878 7.52834 0.29135 -0.481816 0.139479
0.469035 -1.02335 0.0852199 7.53674 0.291872 -0.482262 0.139817
0.470346 -1.02505 0.0850515 7.54513 0.292393 -0.482707 0.140156
0.47166 -1.02674 0.0848825 7.55352 0.292914 -0.483151 0.140495
0.472977 -1.02843 0.0847129 7.5619 0.293436 -0.483596 0.140834
0.474297 -1.03012 0.0845428 7.57029 0.293957 -0.48404 0.141173
0.475619 -1.03182 0.084372 7.57867 0.294479 -0.484485 0.141513
0.476945 -1.03351 0.0842006 7.58705 0.295 -0.484929 0.141854
0.478273 -1.0352 0.0840287 7.59544 0.295522 -0.485372 0.142195
0.479604 -1.0369 0.0838562 7.60381 0.296043 -0.485816 0.142536
0.480938 -1.03859 0.0836831 7.61219 0.296565 -0.486259 0.142877
0.482275 -1.04028 0.0835095 7.62056 0.297086 -0.486702 0.143219
0.483615 -1.04198 0.0833353 7.62894 0.297608 -0.487145 0.143561
0.484958 -1.04367 0.0831605 7.63731 0.29813 -0.487588 0.143904
0.486303 -1.04536 0.0829851 7.64568 0.298651 -0.48803 0.144247
0.487652 -1.04706 0.0828092 7.65405 0.299173 -0.488473 0.14459
0.489004 -1.04875 0.0826327 7.66241 0.299695 -0.488915 0.144934
0.490358 -1.05044 0.0824556 7.67078 0.300216 -0.489357 0.145278
0.491715 -1.05214 0.082278 7.67914 0.300738 -0.489798 0.145623
0.493076 -1.05383 0.0820998 7.6875 0.30126 -0.49024 0.145967
0.494439 -1.05553 0.0819211 7.69586 0.301782 -0.490681 0.146313
0.495805 -1.05722 0.0817418 7.70422 0.302303 -0.491122 0.146658
0.497174 -1.05891 0.081562 7.71257 0.302825 -0.491563 0.147004
0.498546 -1.06061 0.0813816 7.72092 0.303347 -0.492004 0.14735
0.499921 -1.0623 0.0812006 7.72927 0.303869 -0.492444 0.147697
0.501299 -1.06399 0.0810192 7.73762 0.304391 -0.492884 0.148044
0.50268 -1.06569 0.0808371 7.74597 0.304912 -0.493324 0.148391
0.504064 -1.06738 0.0806546 7.75432 0.305434 -0.493764 0.148739
0.50545 -1.06908 0.0804715 7.76266 0.305956 -0.494204 0.149087
0.50684 -1.07077 0.0802878 7.77101 0.306478 -0.494643 0.149436
0.508233 -1.07246 0.0801036 7.77935 0.307 -0.495082 0.149785
0.509629 -1.07416 0.0799189 7.78768 0.307522 -0.495521 0.150134
0.511027 -1.07585 0.0797337 7.79602 0.308043 -0.49596 0.150484
0.512429 -1.07754 0.0795479 7.80436 0.308565 -0.496399 0.150834
0.513834 -1.07924 0.0793616 7.81269 0.309087 -0.496837 0.151184
0.515241 -1.08093 0.0791748 7.82102 0.309609 -0.497275 0.151535
0.516652 -1.08263 0.0789875 7.82935 0.310131 -0.497713 0.151886
0.518066 -1.08432 0.0787996 7.83768 0.310652 -0.498151 0.152237
0.519483 -1.08601 0.0786112 7.846 0.311174 -0.498588 0.152589
0.520902 -1.08771 0.0784223 7.85433 0.311696 -0.499026 0.152941
0.522325 -1.0894 0.0782329 7.86265 0.312218 -0.499463 0.153293
0.523751 -1.09109 0.078043 7.87097 0.31274 -0.4999 0.153646
0.52518 -1.09279 0.0778526 7.87929 0.313261 -0.500336 0.153999
0.526611 -1.09448 0.0776616 7.8876 0.313783 -0.500773 0.154353
0.528046 -1.09617 0.0774702 7.89592 0.314305 -0.501209 0.154707
0.529484 -1.09787 0.0772782 7.90423 0.314826 -0.501645 0.155061
0.530925 -1.09956 0.0770858 7.91254 0.315348 -0.502081 0.155416
0.532369 -1.10125 0.0768928 7.92085 0.31587 -0.502517 0.155771
0.533816 -1.10295 0.0766994 7.92916 0.316391 -0.502953 0.156126
0.535266 -1.10464 0.0765055 7.93746 0.316913 -0.503388 0.156482
0.536719 -1.10633 0.076311 7.94577 0.317435 -0.503823 0.156838
0.538176 -1.10803 0.0761161 7.95407 0.317956 -0.504258 0.157194
0.539635 -1.10972 0.0759207 7.96237 0.318478 -0.504693 0.157551
0.541097 -1.11141 0.0757248 7.97067 0.318999 -0.505127 0.157908
0.542563 -1.1131 0.0755285 7.97896 0.319521 -0.505561 0.158266
0.544031 -1.1148 0.0753316 7.98726 0.320042 -0.505995 0.158624
0.545503 -1.11649 0.0751343 7.99555 0.320564 -0.506429 0.158982
0.546978 -1.11818 0.0749365 8.00384 0.321085 -0.506863 0.15934
0.548456 -1.11987 0.0747382 8.01213 0.321606 -0.507296 0.159699
0.549937 -1.12156 0.0745395 8.02041 0.322128 -0.50773 0.160058
0.551421 -1.12326 0.0743402 8.0287 0.322649 -0.508163 0.160418
0.552908 -1.12495 0.0741405 8.03698 0.32317 -0.508596 0.160778
0.554398 -1.12664 0.0739404 8.04526 0.323691 -0.509028 0.161138
0.555892 -1.12833 0.0737398 8.05354 0.324213 -0.509461 0.161499
0.557388 -1.13002 0.0735387 8.06181 0.324734 -0.509893 0.16186
0.558888 -1.13171 0.0733372 8.07009 0.325255 -0.510325 0.162221
0.560391 -1.13341 0.0731352 8.07836 0.325776 -0.510757 0.162583
0.561897 -1.1351 0.0729327 8.08663 0.326297 -0.511189 0.162945
0.563406 -1.13679 0.0727298 8.0949 0.326818 -0.51162 0.163307
0.564918 -1.13848 0.0725265 8.10317 0.327339 -0.512052 0.16367
0.566433 -1.14017 0.0723227 8.11143 0.32786 -0.512483 0.164033
0.567952 -1.14186 0.0721185 8.1197 0.328381 -0.512913 0.164397
0.569473 -1.14355 0.0719138 8.12796 0.328901 -0.513344 0.16476
0.570998 -1.14524 0.0717087 8.13622 0.329422 -0.513775 0.165124
0.572526 -1.14693 0.0715031 8.14448 0.329943 -0.514205 0.165489
0.574058 -1.14862 0.0712971 8.15273 0.330463 -0.514635 0.165854
0.575592 -1.15031 0.0710907 8.16098 0.330984 -0.515065 0.166219
0.577129 -1.152 0.0708838 8.16924 0.331504 -0.515495 0.166584
0.57867 -1.15369 0.0706765 8.17749 0.332025 -0.515924 0.16695
0.580214 -1.15538 0.0704688 8.18573 0.332545 -0.516353 0.167316
0.581761 -1.15707 0.0702607 8.19398 0.333066 -0.516782 0.167683
0.583312 -1.15876 0.0700521 8.20222 0.333586 -0.517211 0.16805
0.584865 -1.16045 0.0698432 8.21046 0.334106 -0.51764 0.168417
0.586422 -1.16213 0.0696338 8.2187 0.334626 -0.518068 0.168784
0.587982 -1.16382 0.069424 8.22694 0.335146 -0.518497 0.169152
0.589545 -1.16551 0.0692137 8.23518 0.335667 -0.518925 0.169521
0.591112 -1.1672 0.0690031 8.24341 0.336187 -0.519353 0.169889
0.592681 -1.16889 0.0687921 8.25164 0.336706 -0.51978 0.170258
0.594254 -1.17057 0.0685806 8.25987 0.337226 -0.520208 0.170627
0.59583 -1.17226 0.0683688 8.2681 0.337746 -0.520635 0.170997
0.59741 -1.17395 0.0681566 8.27633 0.338266 -0.521062 0.171367
0.598992 -1.17564 0.0679439 8.28455 0.338785 -0.521489 0.171737
0.600578 -1.17732 0.0677309 8.29277 0.339305 -0.521916 0.172108
0.602167 -1.17901 0.0675174 8.30099 0.339824 -0.522342 0.172478
0.603759 -1.1807 0.0673036 8.30921 0.340344 -0.522769 0.17285
0.605355 -1.18238 0.0670894 8.31743 0.340863 -0.523195 0.173221
0.606954 -1.18407 0.0668748 8.32564 0.341383 -0.523621 0.173593
0.608556 -1.18575 0.0666598 8.33385 0.341902 -0.524047 0.173966
0.610162 -1.18744 0.0664445 8.34206 0.342421 -0.524472 0.174338
0.61177 -1.18912 0.0662287 8.35027 0.34294 -0.524898 0.174711
0.613382 -1.19081 0.0660126 8.35848 0.343459 -0.525323 0.175084
0.614998 -1.19249 0.0657961 8.36668 0.343978 -0.525748 0.175458
0.616616 -1.19418 0.0655792 8.37489 0.344497 -0.526172 0.175832
0.618238 -1.19586 0.065362 8.38309 0.345015 -0.526597 0.176206
0.619863 -1.19755 0.0651444 8.39128 0.345534 -0.527021 0.176581
0.621492 -1.19923 0.0649264 8.39948 0.346052 -0.527446 0.176956
0.623124 -1.20091 0.0647081 8.40767 0.346571 -0.52787 0.177331
0.624759 -1.2026 0.0644894 8.41587 0.347089 -0.528293 0.177706
0.626397 -1.20428 0.0642703 8.42406 0.347608 -0.528717 0.178082
0.628039 -1.20596 0.0640509 8.43224 0.348126 -0.52914 0.178459
0.629684 -1.20764 0.0638312 8.44043 0.348644 -0.529564 0.178835
0.631333 -1.20933 0.0636111 8.44861 0.349162 -0.529987 0.179212
0.632984 -1.21101 0.0633906 8.4568 0.34968 -0.530409 0.179589
0.634639 -1.21269 0.0631698 8.46498 0.350198 -0.530832 0.179967
0.636298 -1.21437 0.0629487 8.47315 0.350715 -0.531255 0.180345
0.63796 -1.21605 0.0627272 8.48133 0.351233 -0.531677 0.180723
0.639625 -1.21773 0.0625053 8.4895 0.35175 -0.532099 0.181101
0.641294 -1.21941 0.0622832 8.49768 0.352268 -0.532521 0.18148
0.642965 -1.22109 0.0620607 8.50585 0.352785 -0.532942 0.181859
0.644641 -1.22277 0.0618379 8.51401 0.353303 -0.533364 0.182239
0.646319 -1.22445 0.0616147 8.52218 0.35382 -0.533785 0.182619
0.648002 -1.22613 0.0613912 8.53034 0.354337 -0.534206 0.182999
0.649687 -1.22781 0.0611674 8.53851 0.354854 -0.534627 0.183379
0.651376 -1.22949 0.0609433 8.54666 0.35537 -0.535048 0.18376
0.653068 -1.23117 0.0607188 8.55482 0.355887 -0.535469 0.184141
0.654764 -1.23285 0.0604941 8.56298 0.356404 -0.535889 0.184523
0.656463 -1.23452 0.060269 8.57113 0.35692 -0.536309 0.184904
0.658165 -1.2362 0.0600436 8.57928 0.357437 -0.536729 0.185286
0.659871 -1.23788 0.0598179 8.58743 0.357953 -0.537149 0.185669
0.66158 -1.23955 0.0595919 8.59558 0.358469 -0.537569 0.186052
0.663293 -1.24123 0.0593656 8.60373 0.358985 -0.537988 0.186435
0.665009 -1.24291 0.059139 8.61187 0.359501 -0.538407 0.186818
0.666729 -1.24458 0.0589121 8.62001 0.360017 -0.538826 0.187202
0.668452 -1.24626 0.0586849 8.62815 0.360533 -0.539245 0.187586
0.670178 -1.24793 0.0584574 8.63629 0.361048 -0.539664 0.18797
0.671908 -1.24961 0.0582296 8.64442 0.361564 -0.540082 0.188355
0.673641 -1.25128 0.0580015 8.65256 0.362079 -0.5405 0.188739
0.675378 -1.25296 0.0577731 8.66069 0.362595 -0.540919 0.189125
0.677118 -1.25463 0.0575444 8.66882 0.36311 -0.541336 0.18951
0.678862 -1.2563 0.0573155 8.67694 0.363625 -0.541754 0.189896
0.680609 -1.25798 0.0570863 8.68507 0.36414 -0.542172 0.190282
0.68236 -1.25965 0.0568568 8.69319 0.364654 -0.542589 0.190669
0.684114 -1.26132 0.056627 8.70131 0.365169 -0.543006 0.191056
0.685872 -1.26299 0.056397 8.70943 0.365684 -0.543423 0.191443
0.687633 -1.26467 0.0561667 8.71755 0.366198 -0.54384 0.19183
0.689397 -1.26634 0.0559361 8.72566 0.366712 -0.544257 0.192218
0.691165 -1.26801 0.0557052 8.73377 0.367227 -0.544673 0.192606
0.692937 -1.26968 0.0554741 8.74188 0.367741 -0.545089 0.192994
0.694712 -1.27135 0.0552427 8.74999 0.368254 -0.545505 0.193383
0.696491 -1.27302 0.0550111 8.7581 0.368768 -0.545921 0.193772
0.698273 -1.27469 0.0547792 8.7662 0.369282 -0.546337 0.194161
0.700058 -1.27636 0.0545471 8.7743 0.369795 -0.546752 0.194551
0.701848 -1.27802 0.0543147 8.7824 0.370309 -0.547168 0.194941
0.70364 -1.27969 0.0540821 8.7905 0.370822 -0.547583 0.195331
0.705436 -1.28136 0.0538492 8.7986 0.371335 -0.547998 0.195722
0.707236 -1.28303 0.0536161 8.80669 0.371848 -0.548413 0.196113
0.709039 -1.28469 0.0533827 8.81478 0.372361 -0.548827 0.196504
0.710846 -1.28636 0.0531491 8.82287 0.372874 -0.549242 0.196895
0.712657 -1.28803 0.0529153 8.83096 0.373386 -0.549656 0.197287
0.714471 -1.28969 0.0526812 8.83904 0.373899 -0.55007 0.197679
0.716288 -1.29136 0.0524469 8.84713 0.374411 -0.550484 0.198071
0.718109 -1.29302 0.0522124 8.85521 0.374923 -0.550897 0.198464
0.719934 -1.29469 0.0519777 8.86329 0.375435 -0.551311 0.198857
0.721762 -1.29635 0.0517427 8.87136 0.375947 -0.551724 0.19925
0.723594 -1.29802 0.0515075 8.87944 0.376459 -0.552137 0.199644
0.725429 -1.29968 0.0512721 8.88751 0.37697 -0.55255 0.200038
0.727268 -1.30134 0.0510365 8.89558 0.377482 -0.552963 0.200432
0.729111 -1.30301 0.0508006 8.90365 0.377993 -0.553376 0.200826
0.730957 -1.30467 0.0505646 8.91172 0.378504 -0.553788 0.201221
0.732807 -1.30633 0.0503283 8.91978 0.379015 -0.5542 0.201616
0.73466 -1.30799 0.0500918 8.92784 0.379526 -0.554612 0.202012
0.736517 -1.30965 0.0498552 8.93591 0.380036 -0.555024 0.202407
0.738378 -1.31131 0.0496183 8.94396 0.380547 -0.555436 0.202803
0.740242 -1.31297 0.0493813 8.95202 0.381057 -0.555848 0.2032
0.74211 -1.31463 0.049144 8.96007 0.381568 -0.556259 0.203596
0.743981 -1.31629 0.0489066 8.96812 0.382078 -0.55667 0.203993
0.745857 -1.31795 0.0486689 8.97617 0.382588 -0.557081 0.20439
0.747735 -1.31961 0.0484311 8.98422 0.383097 -0.557492 0.204788
0.749618 -1.32126 0.0481931 8.99227 0.383607 -0.557903 0.205186
0.751504 -1.32292 0.0479549 9.00031 0.384116 -0.558313 0.205584
0.753394 -1.32458 0.0477165 9.00835 0.384626 -0.558723 0.205982
0.755287 -1.32623 0.047478 9.01639 0.385135 -0.559133 0.206381
0.757184 -1.32789 0.0472392 9.02443 0.385644 -0.559543 0.20678
0.759085 -1.32955 0.0470003 9.03246 0.386152 -0.559953 0.207179
0.760989 -1.3312 0.0467613 9.0405 0.386661 -0.560363 0.207579
0.762897 -1.33286 0.046522 9.04853 0.38717 -0.560772 0.207978
0.764809 -1.33451 0.0462826 9.05655 0.387678 -0.561181 0.208378
0.766724 -1.33616 0.0460431 9.06458 0.388186 -0.56159 0.208779
0.768644 -1.33782 0.0458033 9.0726 0.388694 -0.561999 0.20918
0.770566 -1.33947 0.0455635 9.08063 0.389202 -0.562408 0.209581
0.772493 -1.34112 0.0453234 9.08865 0.389709 -0.562816 0.209982
0.774423 -1.34277 0.0450832 9.09666 0.390217 -0.563225 0.210384
0.776357 -1.34442 0.0448429 9.10468 0.390724 -0.563633 0.210785
0.778295 -1.34607 0.0446024 9.11269 0.391231 -0.564041 0.211188
0.780236 -1.34772 0.0443618 9.12071 0.391738 -0.564449 0.21159
0.782181 -1.34937 0.044121 9.12871 0.392245 -0.564856 0.211993
0.78413 -1.35102 0.0438801 9.13672 0.392752 -0.565264 0.212396
0.786083 -1.35267 0.0436391 9.14473 0.393258 -0.565671 0.212799
0.788039 -1.35432 0.0433979 9.15273 0.393765 -0.566078 0.213203
0.789999 -1.35597 0.0431566 9.16073 0.394271 -0.566485 0.213607
0.791963 -1.35762 0.0429151 9.16873 0.394777 -0.566892 0.214011
0.793931 -1.35926 0.0426735 9.17673 0.395282 -0.567299 0.214415
0.795902 -1.36091 0.0424319 9.18472 0.395788 -0.567705 0.21482
0.797877 -1.36255 0.04219 9.19271 0.396293 -0.568111 0.215225
0.799856 -1.3642 0.0419481 9.2007 0.396799 -0.568518 0.21563
0.801839 -1.36584 0.041706 9.20869 0.397304 -0.568923 0.216036
0.803825 -1.36749 0.0414639 9.21668 0.397808 -0.569329 0.216442
0.805815 -1.36913 0.0412216 9.22466 0.398313 -0.569735 0.216848
0.807809 -1.37078 0.0409792 9.23264 0.398818 -0.57014 0.217255
0.809807 -1.37242 0.0407367 9.24062 0.399322 -0.570546 0.217661
0.811809 -1.37406 0.0404941 9.2486 0.399826 -0.570951 0.218068
0.813814 -1.3757 0.0402514 9.25657 0.40033 -0.571356 0.218476
0.815823 -1.37734 0.0400086 9.26455 0.400834 -0.57176 0.218883
0.817836 -1.37898 0.0397657 9.27252 0.401337 -0.572165 0.219291
0.819853 -1.38062 0.0395227 9.28049 0.401841 -0.572569 0.219699
0.821874 -1.38226 0.0392796 9.28845 0.402344 -0.572974 0.220108
0.823898 -1.3839 0.0390365 9.29642 0.402847 -0.573378 0.220516
0.825927 -1.38554 0.0387932 9.30438 0.40335 -0.573782 0.220925
0.827959 -1.38718 0.0385499 9.31234 0.403852 -0.574185 0.221334
0.829995 -1.38882 0.0383064 9.3203 0.404355 -0.574589 0.221744
0.832035 -1.39045 0.0380629 9.32825 0.404857 -0.574992 0.222154
0.834078 -1.39209 0.0378194 9.33621 0.405359 -0.575396 0.222564
0.836126 -1.39372 0.0375757 9.34416 0.405861 -0.575799 0.222974
0.838177 -1.39536 0.037332 9.35211 0.406362 -0.576202 0.223385
0.840233 -1.39699 0.0370882 9.36006 0.406864 -0.576604 0.223796
0.842292 -1.39863 0.0368443 9.368 0.407365 -0.577007 0.224207
0.844355 -1.40026 0.0366004 9.37594 0.407866 -0.577409 0.224618
0.846422 -1.40189 0.0363564 9.38388 0.408367 -0.577812 0.22503
0.848493 -1.40353 0.0361124 9.39182 0.408868 -0.578214 0.225442
0.850567 -1.40516 0.0358683 9.39976 0.409368 -0.578616 0.225854
0.852646 -1.40679 0.0356241 9.40769 0.409869 -0.579017 0.226267
0.854729 -1.40842 0.0353799 9.41563 0.410369 -0.579419 0.22668
0.856815 -1.41005 0.0351357 9.42356 0.410869 -0.57982 0.227093
0.858905 -1.41168 0.0348914 9.43148 0.411368 -0.580222 0.227506
0.861 -1.41331 0.034647 9.43941 0.411868 -0.580623 0.22792
0.863098 -1.41494 0.0344026 9.44733 0.412367 -0.581024 0.228334
0.8652 -1.41657 0.0341582 9.45525 0.412866 -0.581425 0.228748
0.867306 -1.41819 0.0339138 9.46317 0.413365 -0.581825 0.229162
0.869416 -1.41982 0.0336693 9.47109 0.413864 -0.582226 0.229577
0.87153 -1.42145 0.0334247 9.47901 0.414362 -0.582626 0.229992
0.873648 -1.42307 0.0331802 9.48692 0.41486 -0.583026 0.230407
0.875769 -1.4247 0.0329356 9.49483 0.415358 -0.583426 0.230823
0.877895 -1.42632 0.032691 9.50274 0.415856 -0.583826 0.231239
0.880025 -1.42795 0.0324464 9.51064 0.416354 -0.584226 0.231655
0.882159 -1.42957 0.0322018 9.51855 0.416851 -0.584625 0.232071
0.884296 -1.43119 0.0319571 9.52645 0.417348 -0.585024 0.232488
0.886438 -1.43281 0.0317124 9.53435 0.417845 -0.585424 0.232905
0.888584 -1.43444 0.0314677 9.54225 0.418342 -0.585823 0.233322
0.890733 -1.43606 0.0312231 9.55014 0.418839 -0.586222 0.233739
0.892887 -1.43768 0.0309784 9.55804 0.419335 -0.58662 0.234157
0.895044 -1.4393 0.0307337 9.56593 0.419831 -0.587019 0.234575
0.897206 -1.44092 0.030489 9.57382 0.420327 -0.587417 0.234993
0.899372 -1.44253 0.0302443 9.5817 0.420823 -0.587815 0.235411
0.901541 -1.44415 0.0299996 9.58959 0.421318 -0.588214 0.23583
0.903715 -1.44577 0.0297549 9.59747 0.421813 -0.588611 0.236249
0.905893 -1.44739 0.0295102 9.60535 0.422309 -0.589009 0.236668
0.908074 -1.449 0.0292655 9.61323 0.422803 -0.589407 0.237088
0.91026 -1.45062 0.0290209 9.62111 0.423298 -0.589804 0.237507
0.91245 -1.45223 0.0287762 9.62898 0.423792 -0.590202 0.237927
0.914644 -1.45385 0.0285316 9.63685 0.424287 -0.590599 0.238348
0.916842 -1.45546 0.028287 9.64472 0.424781 -0.590996 0.238768
0.919043 -1.45707 0.0280425 9.65259 0.425274 -0.591393 0.239189
0.921249 -1.45869 0.0277979 9.66045 0.425768 -0.591789 0.23961
0.923459 -1.4603 0.0275534 9.66832 0.426261 -0.592186 0.240031
0.925674 -1.46191 0.0273089 9.67618 0.426754 -0.592582 0.240453
0.927892 -1.46352 0.0270644 9.68404 0.427247 -0.592978 0.240874
0.930114 -1.46513 0.02682 9.69189 0.42774 -0.593374 0.241297
0.93234 -1.46674 0.0265757 9.69975 0.428232 -0.59377 0.241719
0.934571 -1.46835 0.0263313 9.7076 0.428724 -0.594166 0.242141
0.936805 -1.46996 0.026087 9.71545 0.429216 -0.594562 0.242564
0.939044 -1.47156 0.0258428 9.7233 0.429708 -0.594957 0.242987
0.941287 -1.47317 0.0255986 9.73114 0.430199 -0.595353 0.243411
0.943534 -1.47478 0.0253544 9.73899 0.43069 -0.595748 0.243834
0.945785 -1.47638 0.0251104 9.74683 0.431181 -0.596143 0.244258
0.94804 -1.47799 0.0248663 9.75467 0.431672 -0.596538 0.244682
0.950299 -1.47959 0.0246223 9.7625 0.432163 -0.596932 0.245107
0.952562 -1.4812 0.0243784 9.77034 0.432653 -0.597327 0.245531
0.95483 -1.4828 0.0241346 9.77817 0.433143 -0.597721 0.245956
0.957101 -1.4844 0.0238908 9.786 0.433633 -0.598116 0.246381
0.959377 -1.486 0.0236471 9.79383 0.434123 -0.59851 0.246807
0.961657 -1.4876 0.0234034 9.80166 0.434612 -0.598904 0.247232
0.963941 -1.48921 0.0231598 9.80948 0.435101 -0.599297 0.247658
0.966229 -1.49081 0.0229163 9.8173 0.43559 -0.599691 0.248084
0.968522 -1.4924 0.0226729 9.82512 0.436079 -0.600085 0.24851
0.970818 -1.494 0.0224296 9.83294 0.436567 -0.600478 0.248937
0.973119 -1.4956 0.0221863 9.84076 0.437056 -0.600871 0.249364
0.975424 -1.4972 0.0219432 9.84857 0.437544 -0.601264 0.249791
0.977733 -1.4988 0.0217001 9.85638 0.438031 -0.601657 0.250218
0.980046 -1.50039 0.0214571 9.86419 0.438519 -0.60205 0.250646
0.982364 -1.50199 0.0212142 9.872 0.439006 -0.602443 0.251074
0.984686 -1.50358 0.0209714 9.8798 0.439493 -0.602835 0.251502
0.987012 -1.50518 0.0207287 9.8876 0.43998 -0.603227 0.25193
0.989342 -1.50677 0.0204861 9.8954 0.440466 -0.60362 0.252359
0.991676 -1.50836 0.0202436 9.9032 0.440953 -0.604012 0.252788
0.994015 -1.50995 0.0200012 9.911 0.441439 -0.604404 0.253217
0.996358 -1.51155 0.0197589 9.91879 0.441925 -0.604795 0.253646
0.998705 -1.51314 0.0195167 9.92658 0.44241 -0.605187 0.254076
1.00106 -1.51473 0.0192746 9.93437 0.442895 -0.605578 0.254505
