0.000124134 -8.73251e-06 2.92065e-06 0.0113893 7.17839e-07 -0.000767917 2.85442e-07
0.000248271 -2.61967e-05 8.76147e-06 0.0227785 1.44468e-06 -0.00153581 8.5614e-07
0.000372414 -5.23906e-05 1.75217e-05 0.0341672 2.19218e-06 -0.00230367 1.71207e-06
0.000496566 -8.73108e-05 2.91999e-05 0.0455553 2.97068e-06 -0.00307146 2.85318e-06
0.000620729 -0.000130952 4.37945e-05 0.0569424 3.79101e-06 -0.00383914 4.27939e-06
0.000745004 -0.000183273 6.12905e-05 0.0683252 4.9147e-06 -0.00460621 5.99072e-06
0.00086929 -0.0002443 8.17012e-05 0.0797075 6.03729e-06 -0.00537321 7.98709e-06
0.000993662 -0.000314007 0.000105016 0.0910882 7.34176e-06 -0.00613991 1.02688e-05
0.0011181 -0.000392393 0.000131234 0.102468 8.78408e-06 -0.00690637 1.28357e-05
0.00124264 -0.000479438 0.000160349 0.113846 1.0425e-05 -0.00767251 1.5688e-05
0.0013674 -0.000575033 0.00019234 0.125217 1.25335e-05 -0.00843749 1.8826e-05
0.00149207 -0.000679471 0.000227271 0.1366 1.43277e-05 -0.00920384 2.22502e-05
0.00161706 -0.000792339 0.000265039 0.14797 1.68873e-05 -0.00996835 2.59601e-05
0.0017421 -0.000913909 0.000305716 0.159344 1.9451e-05 -0.0107332 2.99565e-05
0.00186727 -0.00104408 0.000349273 0.170718 2.22767e-05 -0.0114977 3.42393e-05
0.00199259 -0.00118283 0.000395699 0.18209 2.53981e-05 -0.0122618 3.88084e-05
0.00211807 -0.00133012 0.00044499 0.19346 2.88305e-05 -0.0130254 4.3664e-05
0.00224371 -0.00148593 0.000497137 0.204828 3.25929e-05 -0.0137885 4.88063e-05
0.00236953 -0.00165025 0.000552135 0.216194 3.67036e-05 -0.014551 5.42355e-05
0.00249553 -0.00182305 0.000609975 0.227558 4.1181e-05 -0.015313 5.99518e-05
0.00262173 -0.00200431 0.000670649 0.238919 4.60431e-05 -0.0160745 6.59553e-05
0.00274813 -0.00219399 0.000734151 0.250278 5.13083e-05 -0.0168353 7.22464e-05
0.00287474 -0.00239207 0.000800471 0.261634 5.69943e-05 -0.0175954 7.88253e-05
0.00300158 -0.00259852 0.0008696 0.272988 6.31191e-05 -0.0183549 8.56921e-05
0.00312864 -0.00281332 0.000941529 0.284339 6.97003e-05 -0.0191138 9.28473e-05
0.00325595 -0.00303643 0.00101625 0.295687 7.67557e-05 -0.0198719 0.000100291
0.0033835 -0.00326782 0.00109375 0.307032 8.43025e-05 -0.0206293 0.000108023
0.00351131 -0.00350746 0.00117402 0.318375 9.23583e-05 -0.0213859 0.000116045
0.00363939 -0.00375531 0.00125706 0.329714 0.00010094 -0.0221418 0.000124356
0.00376774 -0.00401135 0.00134284 0.341051 0.000110065 -0.0228969 0.000132957
0.00389638 -0.00427554 0.00143136 0.352384 0.00011975 -0.0236511 0.000141847
0.00402531 -0.00454784 0.00152261 0.363714 0.000130011 -0.0244045 0.000151028
0.00415453 -0.00482821 0.00161658 0.375041 0.000140866 -0.0251571 0.0001605
0.00428407 -0.00511663 0.00171325 0.386365 0.000152331 -0.0259088 0.000170263
0.00441393 -0.00541305 0.00181261 0.397685 0.000164421 -0.0266596 0.000180318
0.00454411 -0.00571743 0.00191465 0.409002 0.000177154 -0.0274094 0.000190664
0.00467462 -0.00602973 0.00201936 0.420315 0.000190544 -0.0281584 0.000201302
0.00480556 -0.00634961 0.00212675 0.431618 0.00020451 -0.0289054 0.000212231
0.00493684 -0.00667781 0.00223682 0.44293 0.000219284 -0.0296528 0.000223461
0.00506847 -0.00701382 0.00234952 0.454239 0.000234742 -0.0303992 0.000234985
0.00520048 -0.00735761 0.00246485 0.465545 0.000250921 -0.0311446 0.000246803
0.00533286 -0.00770913 0.00258278 0.476847 0.000267837 -0.031889 0.000258916
0.00546562 -0.00806835 0.0027033 0.488145 0.000285503 -0.0326323 0.000271325
0.00559878 -0.00843522 0.0028264 0.49944 0.000303934 -0.0333747 0.000284029
0.00573233 -0.00880969 0.00295206 0.510731 0.000323146 -0.0341159 0.000297029
0.00586629 -0.00919173 0.00308027 0.522019 0.000343152 -0.0348561 0.000310326
0.00600066 -0.00958129 0.00321102 0.533302 0.000363967 -0.0355952 0.00032392
0.00613544 -0.00997833 0.00334429 0.544583 0.000385605 -0.0363332 0.000337812
0.00627066 -0.0103828 0.00348006 0.555859 0.000408079 -0.0370701 0.000352002
0.0064063 -0.0107947 0.00361832 0.567132 0.000431404 -0.0378059 0.00036649
0.00654239 -0.0112139 0.00375905 0.578401 0.000455593 -0.0385405 0.000381278
0.00667892 -0.0116403 0.00390224 0.589666 0.000480658 -0.039274 0.000396365
0.0068159 -0.0120741 0.00404787 0.600928 0.000506614 -0.0400064 0.000411753
0.00695334 -0.012515 0.00419592 0.612185 0.000533472 -0.0407375 0.000427441
0.00709124 -0.0129631 0.00434639 0.623439 0.000561246 -0.0414675 0.00044343
0.00722962 -0.0134184 0.00449925 0.634689 0.000589948 -0.0421963 0.000459722
0.00736847 -0.0138807 0.00465448 0.645935 0.00061959 -0.0429239 0.000476315
0.00750781 -0.01435 0.00481207 0.657178 0.000650184 -0.0436503 0.000493211
0.00764763 -0.0148263 0.004972 0.668416 0.000681742 -0.0443755 0.000510411
0.00778795 -0.0153095 0.00513426 0.67965 0.000714277 -0.0450994 0.000527915
0.00792877 -0.0157996 0.00529883 0.690881 0.000747798 -0.0458221 0.000545723
0.00807009 -0.0162965 0.00546569 0.702108 0.000782317 -0.0465436 0.000563836
0.00821193 -0.0168002 0.00563482 0.713331 0.000817846 -0.0472639 0.000582254
0.00835428 -0.0173106 0.00580621 0.72455 0.000854395 -0.0479829 0.000600979
0.00849715 -0.0178278 0.00597983 0.735765 0.000891974 -0.0487006 0.000620011
0.00864054 -0.0183516 0.00615567 0.746976 0.000930594 -0.0494171 0.00063935
0.00878447 -0.018882 0.00633372 0.758183 0.000970266 -0.0501323 0.000658996
0.00892893 -0.0194189 0.00651395 0.769387 0.001011 -0.0508463 0.000678951
0.00907393 -0.0199624 0.00669634 0.780586 0.0010528 -0.0515589 0.000699215
0.00921948 -0.0205123 0.00688089 0.791782 0.00109568 -0.0522703 0.000719788
0.00936558 -0.0210687 0.00706756 0.802974 0.00113966 -0.0529805 0.000740672
0.00951223 -0.0216314 0.00725634 0.814162 0.00118473 -0.0536893 0.000761865
0.00965943 -0.0222004 0.00744722 0.825346 0.00123091 -0.0543969 0.000783371
0.0098072 -0.0227757 0.00764016 0.836527 0.0012782 -0.0551031 0.000805187
0.00995554 -0.0233573 0.00783517 0.847703 0.00132662 -0.0558081 0.000827317
0.0101044 -0.023945 0.00803221 0.858876 0.00137617 -0.0565118 0.000849759
0.0102539 -0.0245389 0.00823126 0.870045 0.00142686 -0.0572142 0.000872514
0.010404 -0.0251389 0.00843232 0.88121 0.0014787 -0.0579153 0.000895583
0.0105546 -0.0257449 0.00863535 0.892372 0.00153169 -0.0586151 0.000918967
0.0107058 -0.026357 0.00884035 0.90353 0.00158585 -0.0593137 0.000942665
0.0108577 -0.026975 0.00904729 0.914684 0.00164118 -0.0600109 0.00096668
0.0110101 -0.0275989 0.00925615 0.925835 0.00169768 -0.0607069 0.00099101
0.0111631 -0.0282288 0.00946691 0.936981 0.00175537 -0.0614015 0.00101566
0.0113166 -0.0288644 0.00967955 0.948125 0.00181424 -0.0620949 0.00104062
0.0114708 -0.0295059 0.00989407 0.959264 0.00187432 -0.062787 0.0010659
0.0116256 -0.0301531 0.0101104 0.9704 0.00193559 -0.0634778 0.0010915
0.0117811 -0.030806 0.0103286 0.981533 0.00199807 -0.0641674 0.00111742
0.0119371 -0.0314646 0.0105486 0.992662 0.00206177 -0.0648556 0.00114366
0.0120937 -0.0321289 0.0107704 1.00379 0.00212668 -0.0655426 0.00117022
0.0122509 -0.0327987 0.0109939 1.01491 0.00219282 -0.0662283 0.00119709
0.0124088 -0.033474 0.0112192 1.02603 0.00226019 -0.0669127 0.00122429
0.0125673 -0.0341549 0.0114463 1.03714 0.00232879 -0.0675959 0.00125181
0.0127264 -0.0348412 0.011675 1.04825 0.00239863 -0.0682778 0.00127965
0.0128861 -0.035533 0.0119054 1.05936 0.0024697 -0.0689584 0.00130781
0.0130465 -0.0362302 0.0121375 1.07047 0.00254203 -0.0696378 0.0013363
0.0132075 -0.0369327 0.0123713 1.08157 0.00261561 -0.070316 0.00136511
0.0133691 -0.0376405 0.0126067 1.09267 0.00269043 -0.0709929 0.00139424
0.0135313 -0.0383536 0.0128437 1.10376 0.00276652 -0.0716685 0.0014237
0.0136942 -0.039072 0.0130823 1.11485 0.00284387 -0.0723429 0.00145348
0.0138577 -0.0397955 0.0133224 1.12594 0.00292248 -0.0730161 0.00148358
0.0140219 -0.0405242 0.0135642 1.13703 0.00300235 -0.0736881 0.00151401
0.0141867 -0.041258 0.0138075 1.14811 0.0030835 -0.0743588 0.00154477
0.0143522 -0.041997 0.0140522 1.15919 0.00316592 -0.0750283 0.00157585
0.0145182 -0.0427409 0.0142985 1.17026 0.00324961 -0.0756967 0.00160726
0.014685 -0.0434899 0.0145463 1.18133 0.00333457 -0.0763638 0.00163899
0.0148524 -0.0442439 0.0147955 1.1924 0.00342082 -0.0770297 0.00167105
0.0150204 -0.0450029 0.0150462 1.20347 0.00350834 -0.0776944 0.00170344
0.0151891 -0.0457667 0.0152983 1.21453 0.00359714 -0.0783579 0.00173616
0.0153584 -0.0465355 0.0155518 1.22559 0.00368723 -0.0790203 0.0017692
0.0155284 -0.0473091 0.0158067 1.23665 0.0037786 -0.0796815 0.00180258
0.015699 -0.0480875 0.016063 1.2477 0.00387126 -0.0803415 0.00183628
0.0158703 -0.0488708 0.0163206 1.25876 0.0039652 -0.0810003 0.00187031
0.0160422 -0.0496587 0.0165795 1.2698 0.00406042 -0.081658 0.00190467
0.0162149 -0.0504514 0.0168398 1.28085 0.00415693 -0.0823146 0.00193937
0.0163881 -0.0512488 0.0171013 1.29189 0.00425473 -0.08297 0.00197439
0.016562 -0.0520509 0.0173642 1.30293 0.00435382 -0.0836243 0.00200974
0.0167366 -0.0528576 0.0176282 1.31397 0.00445419 -0.0842775 0.00204542
0.0169118 -0.0536689 0.0178936 1.325 0.00455585 -0.0849295 0.00208144
0.0170877 -0.0544848 0.0181601 1.33604 0.00465879 -0.0855805 0.00211778
0.0172643 -0.0553052 0.0184279 1.34707 0.00476303 -0.0862303 0.00215446
0.0174415 -0.0561302 0.0186968 1.35809 0.00486854 -0.086879 0.00219147
0.0176194 -0.0569596 0.0189669 1.36912 0.00497534 -0.0875267 0.00222881
0.017798 -0.0577935 0.0192382 1.38014 0.00508343 -0.0881733 0.00226648
0.0179772 -0.0586319 0.0195106 1.39115 0.00519279 -0.0888187 0.00230449
0.0181571 -0.0594746 0.0197841 1.40217 0.00530344 -0.0894632 0.00234283
0.0183376 -0.0603217 0.0200587 1.41318 0.00541537 -0.0901066 0.0023815
0.0185188 -0.0611732 0.0203344 1.42419 0.00552858 -0.0907489 0.00242051
0.0187007 -0.0620291 0.0206111 1.4352 0.00564306 -0.0913902 0.00245985
0.0188833 -0.0628892 0.0208889 1.44621 0.00575882 -0.0920304 0.00249952
0.0190665 -0.0637536 0.0211677 1.45721 0.00587585 -0.0926696 0.00253953
0.0192504 -0.0646223 0.0214476 1.46821 0.00599415 -0.0933078 0.00257987
0.0194349 -0.0654952 0.0217284 1.47921 0.00611372 -0.093945 0.00262054
0.0196201 -0.0663723 0.0220103 1.4902 0.00623456 -0.0945812 0.00266155
0.019806 -0.0672536 0.022293 1.5012 0.00635667 -0.0952164 0.0027029
0.0199926 -0.0681391 0.0225768 1.51219 0.00648003 -0.0958506 0.00274457
0.0201798 -0.0690287 0.0228615 1.52318 0.00660466 -0.0964838 0.00278659
0.0203677 -0.0699224 0.023147 1.53416 0.00673054 -0.0971161 0.00282894
0.0205563 -0.0708202 0.0234335 1.54515 0.00685768 -0.0977474 0.00287162
0.0207455 -0.0717221 0.0237209 1.55613 0.00698606 -0.0983777 0.00291464
0.0209354 -0.0726281 0.0240091 1.56711 0.0071157 -0.0990071 0.00295799
0.021126 -0.073538 0.0242982 1.57809 0.00724658 -0.0996355 0.00300168
0.0213173 -0.074452 0.0245882 1.58906 0.00737871 -0.100263 0.00304571
0.0215092 -0.07537 0.0248789 1.60003 0.00751207 -0.10089 0.00309007
0.0217018 -0.076292 0.0251705 1.611 0.00764667 -0.101515 0.00313477
0.0218951 -0.0772179 0.0254628 1.62197 0.0077825 -0.10214 0.0031798
0.022089 -0.0781477 0.025756 1.63294 0.00791956 -0.102764 0.00322517
0.0222836 -0.0790814 0.0260499 1.6439 0.00805785 -0.103387 0.00327088
0.0224789 -0.0800191 0.0263445 1.65486 0.00819736 -0.104009 0.00331692
0.0226749 -0.0809606 0.0266399 1.66582 0.00833808 -0.10463 0.0033633
0.0228715 -0.081906 0.026936 1.67678 0.00848003 -0.10525 0.00341002
0.0230688 -0.0828552 0.0272328 1.68774 0.00862318 -0.10587 0.00345707
0.0232668 -0.0838082 0.0275303 1.69869 0.00876754 -0.106489 0.00350446
0.0234654 -0.0847651 0.0278284 1.70964 0.0089131 -0.107106 0.00355218
0.0236647 -0.0857257 0.0281273 1.72059 0.00905987 -0.107723 0.00360024
0.0238647 -0.0866901 0.0284268 1.73154 0.00920783 -0.108339 0.00364864
0.0240654 -0.0876583 0.0287269 1.74249 0.00935698 -0.108955 0.00369738
0.0242667 -0.0886302 0.0290276 1.75343 0.00950731 -0.109569 0.00374645
0.0244688 -0.0896058 0.029329 1.76437 0.00965884 -0.110183 0.00379586
0.0246714 -0.0905852 0.0296309 1.77531 0.00981154 -0.110795 0.0038456
0.0248748 -0.0915682 0.0299334 1.78625 0.00996541 -0.111407 0.00389569
0.0250788 -0.0925549 0.0302365 1.79718 0.0101205 -0.112019 0.00394611
0.0252836 -0.0935453 0.0305402 1.80812 0.0102767 -0.112629 0.00399687
0.0254889 -0.0945393 0.0308444 1.81905 0.010434 -0.113239 0.00404796
0.025695 -0.095537 0.0311491 1.82998 0.0105926 -0.113848 0.00409939
0.0259017 -0.0965382 0.0314544 1.84091 0.0107523 -0.114456 0.00415116
0.0261091 -0.0975431 0.0317601 1.85184 0.0109131 -0.115063 0.00420327
0.0263172 -0.0985516 0.0320664 1.86276 0.0110751 -0.11567 0.00425571
0.026526 -0.0995637 0.0323731 1.87368 0.0112382 -0.116276 0.00430849
0.0267354 -0.100579 0.0326803 1.88461 0.0114025 -0.116881 0.00436161
0.0269455 -0.101599 0.032988 1.89553 0.0115679 -0.117486 0.00441507
0.0271563 -0.102621 0.0332961 1.90644 0.0117344 -0.118089 0.00446886
0.0273677 -0.103648 0.0336046 1.91736 0.011902 -0.118692 0.00452299
0.0275798 -0.104677 0.0339136 1.92827 0.0120708 -0.119295 0.00457746
0.0277926 -0.105711 0.034223 1.93919 0.0122406 -0.119896 0.00463227
0.0280061 -0.106747 0.0345327 1.9501 0.0124116 -0.120497 0.00468741
0.0282203 -0.107788 0.0348429 1.96101 0.0125837 -0.121098 0.00474289
0.0284351 -0.108831 0.0351535 1.97191 0.0127569 -0.121697 0.00479871
0.0286506 -0.109879 0.0354644 1.98282 0.0129312 -0.122296 0.00485487
0.0288668 -0.110929 0.0357756 1.99373 0.0131066 -0.122894 0.00491136
0.0290837 -0.111983 0.0360873 2.00463 0.013283 -0.123492 0.00496819
0.0293012 -0.113041 0.0363992 2.01553 0.0134606 -0.124089 0.00502536
0.0295194 -0.114102 0.0367115 2.02643 0.0136392 -0.124685 0.00508287
0.0297383 -0.115166 0.0370241 2.03733 0.0138189 -0.125281 0.00514072
0.0299579 -0.116234 0.037337 2.04822 0.0139997 -0.125876 0.0051989
0.0301781 -0.117305 0.0376502 2.05912 0.0141815 -0.12647 0.00525742
0.030399 -0.11838 0.0379637 2.07001 0.0143644 -0.127064 0.00531628
0.0306207 -0.119458 0.0382774 2.0809 0.0145484 -0.127657 0.00537548
0.0308429 -0.120539 0.0385915 2.09179 0.0147334 -0.12825 0.00543501
0.0310659 -0.121624 0.0389057 2.10268 0.0149194 -0.128842 0.00549489
0.0312895 -0.122712 0.0392203 2.11357 0.0151065 -0.129433 0.0055551
0.0315139 -0.123803 0.039535 2.12446 0.0152947 -0.130024 0.00561565
0.0317389 -0.124898 0.03985 2.13534 0.0154838 -0.130614 0.00567654
0.0319646 -0.125996 0.0401652 2.14622 0.015674 -0.131204 0.00573776
0.0321909 -0.127097 0.0404806 2.15711 0.0158653 -0.131793 0.00579933
0.032418 -0.128201 0.0407962 2.16799 0.0160575 -0.132382 0.00586123
0.0326457 -0.129309 0.041112 2.17886 0.0162508 -0.13297 0.00592347
0.0328741 -0.130421 0.041428 2.18974 0.016445 -0.133557 0.00598605
0.0331032 -0.131535 0.0417441 2.20062 0.0166403 -0.134144 0.00604897
0.033333 -0.132653 0.0420604 2.21149 0.0168366 -0.13473 0.00611222
0.0335635 -0.133774 0.0423769 2.22237 0.0170339 -0.135316 0.00617582
0.0337946 -0.134898 0.0426935 2.23324 0.0172322 -0.135901 0.00623975
0.0340265 -0.136026 0.0430103 2.24411 0.0174315 -0.136486 0.00630402
0.034259 -0.137156 0.0433271 2.25498 0.0176318 -0.13707 0.00636863
0.0344922 -0.13829 0.0436441 2.26585 0.017833 -0.137654 0.00643358
0.0347261 -0.139428 0.0439612 2.27671 0.0180353 -0.138237 0.00649887
0.0349607 -0.140568 0.0442784 2.28758 0.0182385 -0.138819 0.0065645
0.0351959 -0.141712 0.0445958 2.29844 0.0184427 -0.139401 0.00663047
0.0354319 -0.142859 0.0449131 2.30931 0.0186478 -0.139983 0.00669678
0.0356686 -0.144009 0.0452306 2.32017 0.018854 -0.140564 0.00676342
0.0359059 -0.145163 0.0455482 2.33103 0.0190611 -0.141145 0.00683041
0.0361439 -0.146319 0.0458658 2.34189 0.0192691 -0.141725 0.00689773
0.0363827 -0.147479 0.0461834 2.35275 0.0194781 -0.142305 0.0069654
0.0366221 -0.148642 0.0465012 2.3636 0.019688 -0.142884 0.0070334
0.0368622 -0.149808 0.0468189 2.37446 0.0198989 -0.143463 0.00710174
0.037103 -0.150977 0.0471367 2.38531 0.0201108 -0.144041 0.00717043
0.0373445 -0.15215 0.0474545 2.39617 0.0203236 -0.144619 0.00723945
0.0375867 -0.153326 0.0477723 2.40702 0.0205373 -0.145197 0.00730882
0.0378296 -0.154504 0.0480902 2.41787 0.0207519 -0.145774 0.00737852
0.0380732 -0.155686 0.048408 2.42872 0.0209675 -0.14635 0.00744856
0.0383175 -0.156872 0.0487259 2.43957 0.021184 -0.146926 0.00751895
0.0385625 -0.15806 0.0490437 2.45042 0.0214014 -0.147502 0.00758968
0.0388082 -0.159251 0.0493615 2.46126 0.0216197 -0.148077 0.00766074
0.0390546 -0.160446 0.0496793 2.47211 0.021839 -0.148652 0.00773215
0.0393017 -0.161644 0.049997 2.48295 0.0220591 -0.149226 0.0078039
0.0395494 -0.162845 0.0503148 2.4938 0.0222802 -0.1498 0.00787599
0.0397979 -0.164049 0.0506324 2.50464 0.0225022 -0.150374 0.00794842
0.0400472 -0.165256 0.05095 2.51548 0.0227251 -0.150947 0.00802119
0.0402971 -0.166466 0.0512676 2.52632 0.0229488 -0.15152 0.0080943
0.0405477 -0.16768 0.0515851 2.53716 0.0231735 -0.152092 0.00816776
0.040799 -0.168896 0.0519025 2.548 0.0233991 -0.152664 0.00824156
0.041051 -0.170116 0.0522198 2.55884 0.0236255 -0.153235 0.0083157
0.0413038 -0.171339 0.0525371 2.56967 0.0238528 -0.153807 0.00839018
0.0415572 -0.172564 0.0528543 2.58051 0.024081 -0.154377 0.008465
0.0418114 -0.173793 0.0531713 2.59135 0.0243101 -0.154948 0.00854017
0.0420663 -0.175025 0.0534883 2.60218 0.0245401 -0.155518 0.00861568
0.0423219 -0.176261 0.0538051 2.61301 0.024771 -0.156087 0.00869153
0.0425782 -0.177499 0.0541218 2.62384 0.0250027 -0.156657 0.00876773
0.0428351 -0.178741 0.0544386 2.63468 0.0252351 -0.157226 0.00884426
0.0430928 -0.179985 0.054755 2.64551 0.0254686 -0.157795 0.00892114
0.0433513 -0.181232 0.0550713 2.65634 0.0257028 -0.158363 0.00899836
0.0436104 -0.182483 0.0553875 2.66716 0.025938 -0.158931 0.00907593
0.0438703 -0.183737 0.0557036 2.67799 0.026174 -0.159498 0.00915384
0.044131 -0.184993 0.0560194 2.68882 0.0264109 -0.160065 0.0092321
0.0443923 -0.186253 0.0563352 2.69964 0.0266486 -0.160632 0.0093107
0.0446544 -0.187516 0.0566507 2.71047 0.0268872 -0.161198 0.00938964
0.0449172 -0.188782 0.0569661 2.72129 0.0271266 -0.161765 0.00946893
0.0451807 -0.190051 0.0572813 2.73211 0.0273668 -0.16233 0.00954857
0.0454449 -0.191323 0.0575963 2.74294 0.0276079 -0.162896 0.00962855
0.0457099 -0.192598 0.0579111 2.75376 0.0278499 -0.163461 0.00970887
0.0459756 -0.193876 0.0582258 2.76458 0.0280926 -0.164026 0.00978955
0.046242 -0.195157 0.0585402 2.7754 0.0283362 -0.16459 0.00987057
0.0465092 -0.196441 0.0588544 2.78622 0.0285807 -0.165154 0.00995193
0.0467771 -0.197729 0.0591684 2.79704 0.0288259 -0.165718 0.0100336
0.0470458 -0.199019 0.0594822 2.80785 0.029072 -0.166282 0.0101157
0.0473152 -0.200312 0.0597958 2.81867 0.0293189 -0.166845 0.0101981
0.0475853 -0.201609 0.0601091 2.82949 0.0295666 -0.167408 0.0102809
0.0478562 -0.202908 0.0604222 2.8403 0.0298152 -0.167971 0.010364
0.0481278 -0.204211 0.0607351 2.85112 0.0300646 -0.168533 0.0104474
0.0484001 -0.205516 0.0610477 2.86193 0.0303147 -0.169095 0.0105312
0.0486732 -0.206825 0.0613601 2.87275 0.0305657 -0.169657 0.0106153
0.0489471 -0.208137 0.0616722 2.88356 0.0308175 -0.170218 0.0106998
0.0492217 -0.209451 0.0619841 2.89437 0.0310701 -0.170779 0.0107847
0.049497 -0.210769 0.0622957 2.90518 0.0313235 -0.17134 0.0108699
0.0497731 -0.21209 0.062607 2.91599 0.0315778 -0.171901 0.0109554
0.05005 -0.213413 0.062918 2.9268 0.0318328 -0.172461 0.0110413
0.0503276 -0.21474 0.0632288 2.93761 0.0320886 -0.173021 0.0111275
0.0506059 -0.21607 0.0635392 2.94842 0.0323452 -0.173581 0.0112141
0.0508851 -0.217403 0.0638494 2.95923 0.0326026 -0.17414 0.0113011
0.0511649 -0.218739 0.0641593 2.97004 0.0328608 -0.1747 0.0113884
0.0514456 -0.220077 0.0644688 2.98085 0.0331198 -0.175258 0.011476
0.051727 -0.221419 0.0647781 2.99165 0.0333796 -0.175817 0.011564
0.0520091 -0.222764 0.0650871 3.00246 0.0336402 -0.176376 0.0116524
0.0522921 -0.224112 0.0653957 3.01327 0.0339015 -0.176934 0.0117411
0.0525758 -0.225463 0.065704 3.02407 0.0341636 -0.177492 0.0118301
0.0528602 -0.226817 0.066012 3.03488 0.0344266 -0.178049 0.0119195
0.0531455 -0.228174 0.0663196 3.04568 0.0346903 -0.178607 0.0120093
0.0534315 -0.229534 0.0666269 3.05648 0.0349547 -0.179164 0.0120994
0.0537183 -0.230896 0.0669339 3.06729 0.03522 -0.179721 0.0121899
0.0540059 -0.232262 0.0672405 3.07809 0.035486 -0.180277 0.0122807
0.0542942 -0.233631 0.0675468 3.08889 0.0357528 -0.180834 0.0123718
0.0545833 -0.235003 0.0678527 3.09969 0.0360204 -0.18139 0.0124634
0.0548732 -0.236378 0.0681582 3.11049 0.0362888 -0.181946 0.0125553
0.0551639 -0.237756 0.0684634 3.12129 0.0365579 -0.182502 0.0126475
0.0554554 -0.239137 0.0687682 3.13209 0.0368277 -0.183057 0.0127401
0.0557476 -0.240521 0.0690726 3.14289 0.0370984 -0.183612 0.012833
0.0560407 -0.241908 0.0693766 3.15369 0.0373698 -0.184167 0.0129263
0.0563345 -0.243298 0.0696803 3.16449 0.037642 -0.184722 0.01302
0.0566291 -0.244691 0.0699835 3.17529 0.0379149 -0.185276 0.013114
0.0569246 -0.246086 0.0702864 3.18608 0.0381886 -0.185831 0.0132084
0.0572208 -0.247485 0.0705889 3.19688 0.038463 -0.186385 0.0133031
0.0575178 -0.248887 0.0708909 3.20768 0.0387382 -0.186939 0.0133982
0.0578156 -0.250292 0.0711926 3.21847 0.0390142 -0.187492 0.0134937
0.0581143 -0.2517 0.0714938 3.22927 0.0392909 -0.188046 0.0135895
0.0584137 -0.253111 0.0717946 3.24007 0.0395683 -0.188599 0.0136857
0.0587139 -0.254524 0.072095 3.25086 0.0398466 -0.189152 0.0137822
0.0590149 -0.255941 0.0723949 3.26165 0.0401255 -0.189705 0.0138791
0.0593168 -0.257361 0.0726945 3.27245 0.0404052 -0.190257 0.0139763
0.0596194 -0.258783 0.0729936 3.28324 0.0406857 -0.190809 0.0140739
0.0599229 -0.260209 0.0732922 3.29404 0.0409669 -0.191362 0.0141719
0.0602272 -0.261638 0.0735904 3.30483 0.0412488 -0.191914 0.0142702
0.0605323 -0.263069 0.0738881 3.31562 0.0415315 -0.192465 0.0143689
0.0608382 -0.264504 0.0741854 3.32641 0.0418149 -0.193017 0.014468
0.061145 -0.265942 0.0744823 3.33721 0.0420991 -0.193568 0.0145674
0.0614525 -0.267382 0.0747786 3.348 0.042384 -0.194119 0.0146672
0.0617609 -0.268826 0.0750745 3.35879 0.0426696 -0.19467 0.0147673
0.0620702 -0.270272 0.0753699 3.36958 0.042956 -0.195221 0.0148678
0.0623802 -0.271721 0.0756649 3.38037 0.0432431 -0.195771 0.0149687
0.0626911 -0.273174 0.0759593 3.39116 0.0435309 -0.196322 0.0150699
0.0630028 -0.274629 0.0762533 3.40195 0.0438195 -0.196872 0.0151715
0.0633154 -0.276087 0.0765468 3.41274 0.0441088 -0.197422 0.0152735
0.0636288 -0.277549 0.0768398 3.42353 0.0443989 -0.197971 0.0153758
0.063943 -0.279013 0.0771323 3.43431 0.0446896 -0.198521 0.0154785
0.0642581 -0.28048 0.0774242 3.4451 0.0449811 -0.19907 0.0155816
0.064574 -0.28195 0.0777157 3.45589 0.0452733 -0.199619 0.015685
0.0648907 -0.283423 0.0780067 3.46668 0.0455663 -0.200168 0.0157888
0.0652084 -0.284899 0.0782971 3.47747 0.04586 -0.200717 0.015893
0.0655268 -0.286378 0.078587 3.48825 0.0461543 -0.201266 0.0159975
0.0658461 -0.28786 0.0788764 3.49904 0.0464495 -0.201814 0.0161024
0.0661663 -0.289345 0.0791653 3.50983 0.0467453 -0.202362 0.0162077
0.0664873 -0.290833 0.0794536 3.52061 0.0470419 -0.20291 0.0163133
0.0668092 -0.292324 0.0797414 3.5314 0.0473391 -0.203458 0.0164193
0.067132 -0.293817 0.0800287 3.54218 0.0476371 -0.204006 0.0165257
0.0674556 -0.295314 0.0803154 3.55297 0.0479358 -0.204553 0.0166324
0.0677801 -0.296814 0.0806015 3.56375 0.0482353 -0.205101 0.0167396
0.0681054 -0.298316 0.0808871 3.57454 0.0485354 -0.205648 0.0168471
0.0684317 -0.299822 0.0811721 3.58532 0.0488363 -0.206195 0.0169549
0.0687588 -0.30133 0.0814566 3.59611 0.0491378 -0.206742 0.0170631
0.0690867 -0.302841 0.0817405 3.60689 0.0494401 -0.207288 0.0171718
0.0694156 -0.304356 0.0820238 3.61767 0.0497431 -0.207835 0.0172807
0.0697453 -0.305873 0.0823066 3.62846 0.0500468 -0.208381 0.0173901
0.0700759 -0.307393 0.0825888 3.63924 0.0503512 -0.208927 0.0174998
0.0704074 -0.308916 0.0828704 3.65002 0.0506563 -0.209473 0.0176099
0.0707398 -0.310442 0.0831514 3.6608 0.0509622 -0.210019 0.0177204
0.0710731 -0.311971 0.0834318 3.67159 0.0512687 -0.210564 0.0178312
0.0714073 -0.313503 0.0837116 3.68237 0.0515759 -0.21111 0.0179424
0.0717423 -0.315038 0.0839908 3.69315 0.0518839 -0.211655 0.018054
0.0720783 -0.316575 0.0842694 3.70393 0.0521925 -0.2122 0.018166
0.0724151 -0.318116 0.0845474 3.71471 0.0525019 -0.212745 0.0182784
0.0727529 -0.319659 0.0848248 3.72549 0.052812 -0.21329 0.0183911
0.0730915 -0.321206 0.0851016 3.73627 0.0531227 -0.213835 0.0185042
0.0734311 -0.322755 0.0853777 3.74705 0.0534342 -0.214379 0.0186177
0.0737716 -0.324307 0.0856533 3.75783 0.0537463 -0.214923 0.0187316
0.074113 -0.325862 0.0859282 3.76861 0.0540592 -0.215468 0.0188458
0.0744553 -0.327421 0.0862024 3.77939 0.0543727 -0.216011 0.0189604
0.0747985 -0.328982 0.0864761 3.79017 0.054687 -0.216555 0.0190754
0.0751426 -0.330545 0.0867491 3.80095 0.0550019 -0.217099 0.0191908
0.0754877 -0.332112 0.0870214 3.81173 0.0553176 -0.217642 0.0193066
0.0758337 -0.333682 0.0872931 3.82251 0.0556339 -0.218186 0.0194227
0.0761806 -0.335254 0.0875642 3.83329 0.055951 -0.218729 0.0195392
0.0765284 -0.33683 0.0878346 3.84406 0.0562687 -0.219272 0.0196561
0.0768772 -0.338408 0.0881043 3.85484 0.0565871 -0.219815 0.0197734
0.0772269 -0.33999 0.0883734 3.86562 0.0569062 -0.220358 0.0198911
0.0775775 -0.341574 0.0886418 3.8764 0.057226 -0.2209 0.0200091
0.0779291 -0.343161 0.0889095 3.88717 0.0575465 -0.221442 0.0201276
0.0782816 -0.344751 0.0891765 3.89795 0.0578677 -0.221985 0.0202464
0.078635 -0.346344 0.0894429 3.90873 0.0581895 -0.222527 0.0203656
0.0789894 -0.347939 0.0897086 3.9195 0.0585121 -0.223069 0.0204852
0.0793448 -0.349538 0.0899736 3.93028 0.0588353 -0.223611 0.0206052
0.0797011 -0.351139 0.0902379 3.94105 0.0591593 -0.224152 0.0207255
0.0800584 -0.352744 0.0905016 3.95183 0.0594839 -0.224694 0.0208463
0.0804166 -0.354351 0.0907645 3.9626 0.0598092 -0.225235 0.0209674
0.0807757 -0.355961 0.0910267 3.97338 0.0601352 -0.225776 0.0210889
0.0811359 -0.357574 0.0912882 3.98415 0.0604618 -0.226317 0.0212108
0.081497 -0.35919 0.0915491 3.99493 0.0607892 -0.226858 0.0213331
0.081859 -0.360809 0.0918092 4.0057 0.0611172 -0.227399 0.0214558
0.0822221 -0.36243 0.0920685 4.01648 0.0614459 -0.227939 0.0215789
0.0825861 -0.364055 0.0923272 4.02725 0.0617753 -0.22848 0.0217023
0.0829511 -0.365682 0.0925851 4.03802 0.0621054 -0.22902 0.0218262
0.083317 -0.367312 0.0928423 4.0488 0.0624361 -0.22956 0.0219504
0.0836839 -0.368945 0.0930988 4.05957 0.0627675 -0.2301 0.022075
0.0840519 -0.370581 0.0933546 4.07034 0.0630996 -0.23064 0.0222001
0.0844208 -0.37222 0.0936096 4.08112 0.0634324 -0.23118 0.0223255
0.0847907 -0.373862 0.0938638 4.09189 0.0637659 -0.231719 0.0224513
0.0851615 -0.375506 0.0941174 4.10266 0.0641 -0.232259 0.0225775
0.0855334 -0.377153 0.0943701 4.11343 0.0644348 -0.232798 0.022704
0.0859063 -0.378804 0.0946222 4.1242 0.0647703 -0.233337 0.022831
0.0862802 -0.380457 0.0948734 4.13497 0.0651064 -0.233876 0.0229584
0.086655 -0.382112 0.0951239 4.14575 0.0654432 -0.234415 0.0230862
0.0870309 -0.383771 0.0953737 4.15652 0.0657807 -0.234953 0.0232143
0.0874078 -0.385433 0.0956226 4.16729 0.0661189 -0.235492 0.0233429
0.0877857 -0.387097 0.0958708 4.17806 0.0664577 -0.23603 0.0234718
0.0881646 -0.388764 0.0961183 4.18883 0.0667972 -0.236568 0.0236012
0.0885445 -0.390434 0.0963649 4.1996 0.0671374 -0.237107 0.0237309
0.0889254 -0.392107 0.0966108 4.21036 0.0674782 -0.237644 0.0238611
0.0893074 -0.393783 0.0968559 4.22113 0.0678197 -0.238182 0.0239916
0.0896904 -0.395461 0.0971002 4.2319 0.0681619 -0.23872 0.0241225
0.0900744 -0.397142 0.0973437 4.24267 0.0685047 -0.239257 0.0242539
0.0904594 -0.398826 0.0975864 4.25344 0.0688482 -0.239795 0.0243856
0.0908455 -0.400513 0.0978283 4.26421 0.0691924 -0.240332 0.0245177
0.0912326 -0.402203 0.0980694 4.27497 0.0695372 -0.240869 0.0246502
0.0916207 -0.403896 0.0983097 4.28574 0.0698827 -0.241406 0.0247832
0.0920099 -0.405591 0.0985492 4.29651 0.0702288 -0.241943 0.0249165
0.0924001 -0.407289 0.0987879 4.30728 0.0705756 -0.242479 0.0250502
0.0927914 -0.40899 0.0990257 4.31804 0.0709231 -0.243016 0.0251843
0.0931837 -0.410694 0.0992628 4.32881 0.0712712 -0.243552 0.0253189
0.0935771 -0.4124 0.099499 4.33957 0.07162 -0.244088 0.0254538
0.0939715 -0.41411 0.0997344 4.35034 0.0719695 -0.244625 0.0255891
0.094367 -0.415822 0.099969 4.3611 0.0723196 -0.24516 0.0257248
0.0947635 -0.417537 0.100203 4.37187 0.0726703 -0.245696 0.025861
0.0951612 -0.419254 0.100436 4.38263 0.0730217 -0.246232 0.0259975
0.0955598 -0.420975 0.100668 4.3934 0.0733738 -0.246767 0.0261344
0.0959596 -0.422698 0.100899 4.40416 0.0737265 -0.247303 0.0262718
0.0963604 -0.424424 0.101129 4.41492 0.0740799 -0.247838 0.0264095
0.0967623 -0.426153 0.101359 4.42569 0.0744339 -0.248373 0.0265477
0.0971652 -0.427885 0.101588 4.43645 0.0747886 -0.248908 0.0266862
0.0975693 -0.429619 0.101815 4.44721 0.0751439 -0.249443 0.0268252
0.0979744 -0.431356 0.102042 4.45797 0.0754999 -0.249977 0.0269646
0.0983806 -0.433096 0.102268 4.46874 0.0758565 -0.250512 0.0271044
0.0987879 -0.434838 0.102494 4.4795 0.0762138 -0.251046 0.0272445
0.0991963 -0.436584 0.102718 4.49026 0.0765717 -0.25158 0.0273851
0.0996058 -0.438332 0.102941 4.50102 0.0769303 -0.252114 0.0275261
0.100016 -0.440083 0.103164 4.51178 0.0772895 -0.252648 0.0276675
0.100428 -0.441836 0.103386 4.52254 0.0776494 -0.253182 0.0278093
0.100841 -0.443593 0.103607 4.5333 0.0780099 -0.253716 0.0279516
0.101255 -0.445352 0.103827 4.54406 0.0783711 -0.254249 0.0280942
0.10167 -0.447114 0.104046 4.55482 0.0787329 -0.254783 0.0282372
0.102086 -0.448878 0.104264 4.56558 0.0790953 -0.255316 0.0283807
0.102503 -0.450646 0.104481 4.57633 0.0794584 -0.255849 0.0285245
0.102921 -0.452416 0.104698 4.58709 0.0798221 -0.256382 0.0286688
0.103341 -0.454188 0.104913 4.59785 0.0801865 -0.256915 0.0288135
0.103762 -0.455964 0.105128 4.60861 0.0805515 -0.257447 0.0289586
0.104183 -0.457742 0.105342 4.61936 0.0809171 -0.25798 0.0291041
0.104606 -0.459523 0.105554 4.63012 0.0812834 -0.258512 0.02925
0.10503 -0.461306 0.105766 4.64087 0.0816503 -0.259044 0.0293963
0.105455 -0.463093 0.105977 4.65163 0.0820179 -0.259576 0.0295431
0.105881 -0.464882 0.106187 4.66238 0.0823861 -0.260108 0.0296902
0.106309 -0.466674 0.106396 4.67314 0.0827549 -0.26064 0.0298378
0.106737 -0.468468 0.106605 4.68389 0.0831243 -0.261172 0.0299858
0.107167 -0.470265 0.106812 4.69465 0.0834944 -0.261703 0.0301342
0.107598 -0.472065 0.107018 4.7054 0.0838651 -0.262234 0.030283
0.10803 -0.473867 0.107224 4.71615 0.0842365 -0.262766 0.0304322
0.108463 -0.475672 0.107428 4.7269 0.0846085 -0.263297 0.0305819
0.108897 -0.47748 0.107632 4.73766 0.0849811 -0.263828 0.030732
0.109333 -0.479291 0.107834 4.74841 0.0853543 -0.264358 0.0308824
0.10977 -0.481104 0.108036 4.75916 0.0857282 -0.264889 0.0310333
0.110207 -0.48292 0.108237 4.76991 0.0861027 -0.265419 0.0311846
0.110646 -0.484738 0.108436 4.78066 0.0864778 -0.26595 0.0313364
0.111087 -0.486559 0.108635 4.79141 0.0868536 -0.26648 0.0314885
0.111528 -0.488383 0.108833 4.80216 0.08723 -0.26701 0.0316411
0.111971 -0.49021 0.10903 4.8129 0.087607 -0.26754 0.0317941
0.112414 -0.492039 0.109226 4.82365 0.0879846 -0.268069 0.0319475
0.112859 -0.493871 0.109421 4.8344 0.0883628 -0.268599 0.0321013
0.113305 -0.495705 0.109615 4.84515 0.0887417 -0.269128 0.0322555
0.113753 -0.497542 0.109808 4.85589 0.0891212 -0.269658 0.0324102
0.114201 -0.499382 0.11 4.86664 0.0895013 -0.270187 0.0325653
0.114651 -0.501224 0.110191 4.87738 0.089882 -0.270716 0.0327208
0.115102 -0.503069 0.110381 4.88813 0.0902633 -0.271245 0.0328767
0.115554 -0.504917 0.11057 4.89887 0.0906453 -0.271773 0.0330331
0.116007 -0.506767 0.110758 4.90962 0.0910279 -0.272302 0.0331898
0.116462 -0.50862 0.110946 4.92036 0.0914111 -0.27283 0.033347
0.116917 -0.510475 0.111132 4.9311 0.0917949 -0.273359 0.0335046
0.117374 -0.512333 0.111317 4.94184 0.0921793 -0.273887 0.0336627
0.117833 -0.514194 0.111501 4.95258 0.0925643 -0.274415 0.0338211
0.118292 -0.516057 0.111684 4.96333 0.09295 -0.274942 0.03398
0.118753 -0.517923 0.111866 4.97407 0.0933362 -0.27547 0.0341393
0.119215 -0.519791 0.112048 4.9848 0.0937231 -0.275998 0.034299
0.119678 -0.521662 0.112228 4.99554 0.0941106 -0.276525 0.0344592
0.120142 -0.523536 0.112407 5.00628 0.0944986 -0.277052 0.0346198
0.120608 -0.525412 0.112585 5.01702 0.0948873 -0.277579 0.0347808
0.121075 -0.527291 0.112762 5.02776 0.0952766 -0.278106 0.0349422
0.121543 -0.529172 0.112938 5.03849 0.0956665 -0.278633 0.0351041
0.122012 -0.531056 0.113114 5.04923 0.096057 -0.279159 0.0352663
0.122483 -0.532942 0.113288 5.05997 0.0964481 -0.279686 0.035429
0.122954 -0.534831 0.113461 5.0707 0.0968398 -0.280212 0.0355922
0.123428 -0.536723 0.113633 5.08143 0.0972321 -0.280738 0.0357557
0.123902 -0.538617 0.113804 5.09217 0.097625 -0.281264 0.0359197
0.124378 -0.540514 0.113974 5.1029 0.0980186 -0.28179 0.0360842
0.124855 -0.542413 0.114143 5.11363 0.0984127 -0.282316 0.036249
0.125333 -0.544315 0.114311 5.12436 0.0988074 -0.282841 0.0364143
0.125812 -0.546219 0.114478 5.13509 0.0992027 -0.283367 0.03658
0.126293 -0.548126 0.114644 5.14582 0.0995986 -0.283892 0.0367461
0.126775 -0.550035 0.114808 5.15655 0.0999951 -0.284417 0.0369127
0.127258 -0.551947 0.114972 5.16728 0.100392 -0.284942 0.0370797
0.127743 -0.553861 0.115135 5.17801 0.10079 -0.285467 0.0372471
0.128229 -0.555778 0.115297 5.18874 0.101188 -0.285991 0.0374149
0.128716 -0.557697 0.115457 5.19946 0.101587 -0.286516 0.0375832
0.129205 -0.559619 0.115617 5.21019 0.101986 -0.28704 0.0377519
0.129695 -0.561544 0.115775 5.22091 0.102386 -0.287564 0.0379211
0.130186 -0.56347 0.115933 5.23164 0.102787 -0.288088 0.0380906
0.130678 -0.5654 0.116089 5.24236 0.103188 -0.288612 0.0382607
0.131172 -0.567332 0.116244 5.25309 0.10359 -0.289136 0.0384311
0.131667 -0.569266 0.116399 5.26381 0.103993 -0.289659 0.038602
0.132163 -0.571203 0.116552 5.27453 0.104395 -0.290183 0.0387733
0.132661 -0.573142 0.116704 5.28525 0.104799 -0.290706 0.038945
0.13316 -0.575084 0.116855 5.29597 0.105203 -0.291229 0.0391172
0.133661 -0.577028 0.117005 5.30669 0.105608 -0.291752 0.0392898
0.134162 -0.578975 0.117154 5.31741 0.106013 -0.292274 0.0394628
0.134665 -0.580924 0.117302 5.32812 0.106419 -0.292797 0.0396363
0.13517 -0.582875 0.117449 5.33884 0.106826 -0.293319 0.0398102
0.135675 -0.584829 0.117594 5.34956 0.107233 -0.293842 0.0399845
0.136183 -0.586786 0.117739 5.36027 0.10764 -0.294364 0.0401593
0.136691 -0.588744 0.117882 5.37099 0.108048 -0.294886 0.0403345
0.137201 -0.590706 0.118025 5.3817 0.108457 -0.295407 0.0405102
0.137712 -0.592669 0.118166 5.39241 0.108866 -0.295929 0.0406862
0.138224 -0.594635 0.118307 5.40312 0.109276 -0.296451 0.0408628
0.138738 -0.596604 0.118446 5.41383 0.109687 -0.296972 0.0410397
0.139253 -0.598575 0.118584 5.42454 0.110098 -0.297493 0.0412171
0.13977 -0.600548 0.118721 5.43525 0.110509 -0.298014 0.0413949
0.140288 -0.602524 0.118857 5.44596 0.110922 -0.298535 0.0415732
0.140807 -0.604502 0.118991 5.45667 0.111334 -0.299055 0.0417519
0.141328 -0.606483 0.119125 5.46737 0.111748 -0.299576 0.041931
0.14185 -0.608466 0.119258 5.47808 0.112162 -0.300096 0.0421106
0.142374 -0.610451 0.119389 5.48878 0.112576 -0.300616 0.0422906
0.142899 -0.612439 0.119519 5.49949 0.112991 -0.301136 0.042471
0.143425 -0.614429 0.119649 5.51019 0.113407 -0.301656 0.0426519
0.143953 -0.616421 0.119777 5.52089 0.113823 -0.302176 0.0428333
0.144482 -0.618416 0.119904 5.53159 0.114239 -0.302695 0.043015
0.145012 -0.620413 0.120029 5.54229 0.114657 -0.303215 0.0431972
0.145544 -0.622412 0.120154 5.55299 0.115074 -0.303734 0.0433799
0.146078 -0.624414 0.120278 5.56369 0.115493 -0.304253 0.043563
0.146612 -0.626418 0.1204 5.57439 0.115912 -0.304772 0.0437465
0.147148 -0.628425 0.120522 5.58508 0.116331 -0.30529 0.0439304
0.147686 -0.630434 0.120642 5.59578 0.116751 -0.305809 0.0441148
0.148225 -0.632445 0.120761 5.60647 0.117172 -0.306327 0.0442997
0.148765 -0.634458 0.120879 5.61717 0.117593 -0.306845 0.044485
0.149307 -0.636474 0.120996 5.62786 0.118014 -0.307363 0.0446707
0.149851 -0.638492 0.121112 5.63855 0.118437 -0.307881 0.0448569
0.150395 -0.640512 0.121226 5.64924 0.118859 -0.308399 0.0450435
0.150941 -0.642535 0.12134 5.65993 0.119283 -0.308916 0.0452305
0.151489 -0.64456 0.121452 5.67062 0.119706 -0.309434 0.045418
0.152038 -0.646587 0.121564 5.6813 0.120131 -0.309951 0.0456059
0.152589 -0.648617 0.121674 5.69199 0.120556 -0.310468 0.0457943
0.153141 -0.650649 0.121782 5.70267 0.120981 -0.310985 0.0459831
0.153694 -0.652683 0.12189 5.71336 0.121407 -0.311501 0.0461724
0.154249 -0.654719 0.121997 5.72404 0.121834 -0.312018 0.0463621
0.154805 -0.656758 0.122102 5.73472 0.122261 -0.312534 0.0465522
0.155363 -0.658799 0.122207 5.7454 0.122688 -0.31305 0.0467428
0.155922 -0.660842 0.12231 5.75608 0.123116 -0.313566 0.0469338
0.156483 -0.662887 0.122412 5.76676 0.123545 -0.314082 0.0471253
0.157046 -0.664935 0.122513 5.77744 0.123974 -0.314598 0.0473172
0.157609 -0.666985 0.122613 5.78812 0.124404 -0.315113 0.0475096
0.158174 -0.669037 0.122711 5.79879 0.124834 -0.315628 0.0477024
0.158741 -0.671091 0.122809 5.80946 0.125265 -0.316143 0.0478956
0.159309 -0.673148 0.122905 5.82014 0.125696 -0.316658 0.0480893
0.159879 -0.675206 0.123 5.83081 0.126128 -0.317173 0.0482835
0.16045 -0.677267 0.123094 5.84148 0.126561 -0.317688 0.048478
0.161023 -0.679331 0.123187 5.85215 0.126994 -0.318202 0.0486731
0.161597 -0.681396 0.123278 5.86282 0.127427 -0.318716 0.0488685
0.162173 -0.683463 0.123369 5.87348 0.127861 -0.31923 0.0490644
0.16275 -0.685533 0.123458 5.88415 0.128295 -0.319744 0.0492608
0.163329 -0.687605 0.123546 5.89481 0.12873 -0.320258 0.0494576
0.163909 -0.689679 0.123633 5.90548 0.129166 -0.320771 0.0496549
0.164491 -0.691755 0.123719 5.91614 0.129602 -0.321285 0.0498526
0.165075 -0.693834 0.123803 5.9268 0.130038 -0.321798 0.0500507
0.16566 -0.695914 0.123887 5.93746 0.130476 -0.322311 0.0502493
0.166246 -0.697997 0.123969 5.94812 0.130913 -0.322824 0.0504483
0.166834 -0.700082 0.12405 5.95878 0.131351 -0.323336 0.0506478
0.167423 -0.702169 0.12413 5.96943 0.13179 -0.323849 0.0508477
0.168014 -0.704258 0.124209 5.98009 0.132229 -0.324361 0.0510481
0.168607 -0.70635 0.124286 5.99074 0.132668 -0.324873 0.0512489
0.169201 -0.708443 0.124363 6.00139 0.133109 -0.325385 0.0514502
0.169797 -0.710539 0.124438 6.01204 0.133549 -0.325897 0.0516519
0.170394 -0.712636 0.124512 6.02269 0.13399 -0.326409 0.0518541
0.170993 -0.714736 0.124585 6.03334 0.134432 -0.32692 0.0520567
0.171594 -0.716838 0.124656 6.04399 0.134874 -0.327431 0.0522597
0.172195 -0.718942 0.124727 6.05463 0.135317 -0.327942 0.0524632
0.172799 -0.721048 0.124796 6.06528 0.13576 -0.328453 0.0526672
0.173404 -0.723156 0.124864 6.07592 0.136203 -0.328964 0.0528716
0.174011 -0.725266 0.124931 6.08656 0.136647 -0.329474 0.0530764
0.174619 -0.727378 0.124997 6.0972 0.137092 -0.329985 0.0532817
0.175229 -0.729493 0.125061 6.10784 0.137537 -0.330495 0.0534875
0.175841 -0.731609 0.125125 6.11848 0.137983 -0.331005 0.0536937
0.176454 -0.733728 0.125187 6.12912 0.138429 -0.331514 0.0539003
0.177068 -0.735848 0.125248 6.13975 0.138875 -0.332024 0.0541074
0.177685 -0.737971 0.125307 6.15039 0.139322 -0.332533 0.0543149
0.178303 -0.740095 0.125366 6.16102 0.13977 -0.333043 0.0545229
0.178922 -0.742222 0.125423 6.17165 0.140218 -0.333552 0.0547314
0.179543 -0.744351 0.125479 6.18228 0.140667 -0.334061 0.0549402
0.180166 -0.746481 0.125534 6.19291 0.141116 -0.334569 0.0551496
0.18079 -0.748614 0.125588 6.20353 0.141565 -0.335078 0.0553594
0.181416 -0.750749 0.125641 6.21416 0.142015 -0.335586 0.0555696
0.182044 -0.752886 0.125692 6.22478 0.142466 -0.336094 0.0557803
0.182673 -0.755024 0.125742 6.2354 0.142916 -0.336602 0.0559914
0.183304 -0.757165 0.125791 6.24602 0.143368 -0.33711 0.056203
0.183937 -0.759308 0.125839 6.25664 0.14382 -0.337617 0.056415
0.184571 -0.761452 0.125886 6.26726 0.144272 -0.338125 0.0566275
0.185207 -0.763599 0.125931 6.27788 0.144725 -0.338632 0.0568404
0.185844 -0.765748 0.125975 6.28849 0.145178 -0.339139 0.0570538
0.186483 -0.767898 0.126018 6.29911 0.145632 -0.339646 0.0572676
0.187124 -0.770051 0.12606 6.30972 0.146086 -0.340152 0.0574819
0.187767 -0.772205 0.1261 6.32033 0.146541 -0.340659 0.0576966
0.188411 -0.774362 0.12614 6.33094 0.146996 -0.341165 0.0579118
0.189057 -0.77652 0.126178 6.34155 0.147452 -0.341671 0.0581274
0.189704 -0.778681 0.126215 6.35215 0.147908 -0.342177 0.0583435
0.190353 -0.780843 0.12625 6.36276 0.148364 -0.342683 0.05856
0.191004 -0.783007 0.126285 6.37336 0.148821 -0.343188 0.058777
0.191656 -0.785173 0.126318 6.38396 0.149279 -0.343693 0.0589944
0.192311 -0.787341 0.12635 6.39456 0.149737 -0.344198 0.0592123
0.192967 -0.789511 0.126381 6.40516 0.150195 -0.344703 0.0594306
0.193624 -0.791683 0.126411 6.41575 0.150654 -0.345208 0.0596494
0.194283 -0.793856 0.126439 6.42635 0.151113 -0.345713 0.0598686
0.194944 -0.796032 0.126466 6.43694 0.151573 -0.346217 0.0600883
0.195607 -0.798209 0.126492 6.44753 0.152033 -0.346721 0.0603084
0.196271 -0.800389 0.126517 6.45812 0.152494 -0.347225 0.060529
0.196938 -0.80257 0.126541 6.46871 0.152955 -0.347729 0.06075
0.197605 -0.804753 0.126563 6.4793 0.153417 -0.348232 0.0609715
0.198275 -0.806938 0.126584 6.48988 0.153879 -0.348736 0.0611934
0.198946 -0.809125 0.126604 6.50047 0.154341 -0.349239 0.0614158
0.199619 -0.811313 0.126623 6.51105 0.154804 -0.349742 0.0616386
0.200294 -0.813504 0.126641 6.52163 0.155267 -0.350245 0.0618619
0.20097 -0.815696 0.126657 6.53221 0.155731 -0.350747 0.0620856
0.201649 -0.81789 0.126672 6.54279 0.156195 -0.35125 0.0623098
0.202329 -0.820086 0.126686 6.55336 0.15666 -0.351752 0.0625345
0.20301 -0.822283 0.126699 6.56393 0.157125 -0.352254 0.0627595
0.203694 -0.824483 0.12671 6.57451 0.157591 -0.352756 0.0629851
0.204379 -0.826684 0.12672 6.58508 0.158057 -0.353258 0.0632111
0.205066 -0.828887 0.126729 6.59565 0.158523 -0.353759 0.0634375
0.205755 -0.831092 0.126737 6.60621 0.15899 -0.35426 0.0636644
0.206445 -0.833299 0.126744 6.61678 0.159457 -0.354761 0.0638917
0.207137 -0.835507 0.126749 6.62734 0.159925 -0.355262 0.0641195
0.207831 -0.837718 0.126753 6.6379 0.160393 -0.355763 0.0643478
0.208527 -0.83993 0.126756 6.64846 0.160861 -0.356263 0.0645765
0.209225 -0.842143 0.126758 6.65902 0.16133 -0.356764 0.0648056
0.209924 -0.844359 0.126758 6.66958 0.1618 -0.357264 0.0650352
0.210625 -0.846576 0.126758 6.68013 0.162269 -0.357764 0.0652652
0.211328 -0.848795 0.126756 6.69068 0.16274 -0.358263 0.0654957
0.212033 -0.851016 0.126753 6.70123 0.16321 -0.358763 0.0657267
0.21274 -0.853238 0.126748 6.71178 0.163681 -0.359262 0.0659581
0.213448 -0.855462 0.126743 6.72233 0.164153 -0.359761 0.0661899
0.214158 -0.857688 0.126736 6.73288 0.164625 -0.36026 0.0664222
0.21487 -0.859916 0.126728 6.74342 0.165097 -0.360759 0.066655
0.215584 -0.862145 0.126719 6.75396 0.16557 -0.361257 0.0668882
0.216299 -0.864376 0.126708 6.7645 0.166043 -0.361755 0.0671218
0.217017 -0.866608 0.126697 6.77504 0.166516 -0.362254 0.0673559
0.217736 -0.868843 0.126684 6.78558 0.16699 -0.362751 0.0675905
0.218457 -0.871079 0.12667 6.79611 0.167465 -0.363249 0.0678255
0.21918 -0.873316 0.126654 6.80664 0.167939 -0.363747 0.0680609
0.219905 -0.875556 0.126638 6.81718 0.168414 -0.364244 0.0682968
0.220631 -0.877797 0.12662 6.8277 0.16889 -0.364741 0.0685332
0.22136 -0.880039 0.126601 6.83823 0.169366 -0.365238 0.06877
0.22209 -0.882284 0.126581 6.84876 0.169842 -0.365735 0.0690072
0.222822 -0.88453 0.126559 6.85928 0.170319 -0.366231 0.0692449
0.223556 -0.886777 0.126537 6.8698 0.170796 -0.366727 0.0694831
0.224292 -0.889026 0.126513 6.88032 0.171274 -0.367224 0.0697217
0.22503 -0.891277 0.126488 6.89084 0.171752 -0.367719 0.0699608
0.225769 -0.893529 0.126462 6.90135 0.17223 -0.368215 0.0702003
0.226511 -0.895783 0.126434 6.91187 0.172709 -0.368711 0.0704402
0.227254 -0.898039 0.126405 6.92238 0.173188 -0.369206 0.0706806
0.227999 -0.900296 0.126376 6.93289 0.173667 -0.369701 0.0709215
0.228746 -0.902555 0.126344 6.9434 0.174147 -0.370196 0.0711628
0.229495 -0.904815 0.126312 6.9539 0.174627 -0.370691 0.0714045
0.230246 -0.907077 0.126279 6.96441 0.175108 -0.371185 0.0716467
0.230999 -0.909341 0.126244 6.97491 0.175589 -0.371679 0.0718894
0.231753 -0.911606 0.126208 6.98541 0.17607 -0.372173 0.0721325
0.23251 -0.913872 0.126171 6.99591 0.176552 -0.372667 0.0723761
0.233268 -0.916141 0.126132 7.0064 0.177034 -0.373161 0.0726201
0.234029 -0.91841 0.126093 7.0169 0.177517 -0.373654 0.0728645
0.234791 -0.920681 0.126052 7.02739 0.178 -0.374148 0.0731094
0.235555 -0.922954 0.12601 7.03788 0.178483 -0.374641 0.0733548
0.236321 -0.925228 0.125967 7.04837 0.178967 -0.375133 0.0736006
0.237089 -0.927504 0.125922 7.05885 0.179451 -0.375626 0.0738468
0.237859 -0.929782 0.125876 7.06934 0.179935 -0.376118 0.0740935
0.238631 -0.93206 0.12583 7.07982 0.18042 -0.376611 0.0743407
0.239405 -0.934341 0.125782 7.0903 0.180905 -0.377103 0.0745883
0.240181 -0.936622 0.125732 7.10077 0.18139 -0.377595 0.0748363
0.240959 -0.938906 0.125682 7.11125 0.181876 -0.378086 0.0750848
0.241738 -0.941191 0.12563 7.12172 0.182362 -0.378578 0.0753338
0.24252 -0.943477 0.125577 7.13219 0.182849 -0.379069 0.0755832
0.243303 -0.945764 0.125523 7.14266 0.183336 -0.37956 0.075833
0.244089 -0.948054 0.125468 7.15313 0.183823 -0.38005 0.0760833
0.244876 -0.950344 0.125411 7.1636 0.184311 -0.380541 0.076334
0.245666 -0.952636 0.125354 7.17406 0.184799 -0.381031 0.0765852
0.246457 -0.95493 0.125295 7.18452 0.185287 -0.381522 0.0768368
0.247251 -0.957225 0.125235 7.19498 0.185776 -0.382011 0.0770889
0.248046 -0.959521 0.125173 7.20543 0.186265 -0.382501 0.0773414
0.248843 -0.961819 0.125111 7.21589 0.186754 -0.382991 0.0775944
0.249643 -0.964118 0.125047 7.22634 0.187244 -0.38348 0.0778478
0.250444 -0.966419 0.124982 7.23679 0.187734 -0.383969 0.0781017
0.251247 -0.968721 0.124916 7.24724 0.188224 -0.384458 0.078356
0.252053 -0.971024 0.124849 7.25768 0.188715 -0.384947 0.0786108
0.25286 -0.973329 0.12478 7.26813 0.189206 -0.385435 0.078866
0.253669 -0.975635 0.124711 7.27857 0.189697 -0.385924 0.0791217
0.25448 -0.977942 0.12464 7.28901 0.190189 -0.386412 0.0793778
0.255294 -0.980251 0.124568 7.29945 0.190681 -0.3869 0.0796343
0.256109 -0.982562 0.124495 7.30988 0.191174 -0.387387 0.0798913
0.256927 -0.984873 0.12442 7.32031 0.191666 -0.387875 0.0801488
0.257746 -0.987186 0.124344 7.33074 0.192159 -0.388362 0.0804067
0.258567 -0.9895 0.124268 7.34117 0.192653 -0.388849 0.080665
0.259391 -0.991816 0.12419 7.3516 0.193147 -0.389336 0.0809238
0.260217 -0.994132 0.124111 7.36202 0.193641 -0.389822 0.0811831
0.261044 -0.996451 0.12403 7.37244 0.194135 -0.390309 0.0814427
0.261874 -0.99877 0.123949 7.38286 0.19463 -0.390795 0.0817029
0.262705 -1.00109 0.123866 7.39328 0.195125 -0.391281 0.0819634
0.263539 -1.00341 0.123782 7.40369 0.19562 -0.391766 0.0822245
0.264374 -1.00574 0.123697 7.41411 0.196116 -0.392252 0.0824859
0.265212 -1.00806 0.12361 7.42451 0.196612 -0.392737 0.0827478
0.266052 -1.01039 0.123523 7.43492 0.197108 -0.393222 0.0830102
0.266894 -1.01271 0.123434 7.44533 0.197605 -0.393707 0.083273
0.267738 -1.01504 0.123345 7.45573 0.198102 -0.394192 0.0835362
0.268584 -1.01737 0.123253 7.46613 0.198599 -0.394676 0.0837999
0.269432 -1.0197 0.123161 7.47653 0.199097 -0.395161 0.084064
0.270283 -1.02204 0.123068 7.48693 0.199595 -0.395645 0.0843286
0.271135 -1.02437 0.122973 7.49732 0.200093 -0.396129 0.0845936
0.271989 -1.02671 0.122878 7.50771 0.200591 -0.396612 0.0848591
0.272846 -1.02904 0.122781 7.5181 0.20109 -0.397096 0.085125
0.273705 -1.03138 0.122683 7.52849 0.201589 -0.397579 0.0853913
0.274565 -1.03372 0.122584 7.53887 0.202089 -0.398062 0.0856581
0.275428 -1.03606 0.122483 7.54925 0.202589 -0.398545 0.0859253
0.276293 -1.0384 0.122382 7.55963 0.203089 -0.399027 0.086193
0.27716 -1.04074 0.122279 7.57001 0.203589 -0.39951 0.0864611
0.278029 -1.04308 0.122175 7.58039 0.204089 -0.399992 0.0867297
0.2789 -1.04543 0.12207 7.59076 0.20459 -0.400474 0.0869987
0.279774 -1.04777 0.121964 7.60113 0.205092 -0.400955 0.0872681
0.280649 -1.05012 0.121856 7.6115 0.205593 -0.401437 0.087538
0.281527 -1.05247 0.121748 7.62186 0.206095 -0.401918 0.0878084
0.282407 -1.05482 0.121638 7.63223 0.206597 -0.402399 0.0880791
0.283289 -1.05717 0.121527 7.64259 0.207099 -0.40288 0.0883503
0.284173 -1.05952 0.121415 7.65294 0.207602 -0.403361 0.088622
0.285059 -1.06187 0.121302 7.6633 0.208105 -0.403841 0.0888941
0.285947 -1.06423 0.121188 7.67365 0.208608 -0.404322 0.0891666
0.286838 -1.06658 0.121073 7.68401 0.209111 -0.404802 0.0894396
0.287731 -1.06894 0.120956 7.69435 0.209615 -0.405281 0.089713
0.288626 -1.0713 0.120838 7.7047 0.210119 -0.405761 0.0899869
0.289523 -1.07365 0.120719 7.71504 0.210624 -0.40624 0.0902612
0.290422 -1.07601 0.120599 7.72538 0.211128 -0.40672 0.0905359
0.291323 -1.07837 0.120478 7.73572 0.211633 -0.407198 0.0908111
0.292227 -1.08074 0.120356 7.74606 0.212138 -0.407677 0.0910867
0.293133 -1.0831 0.120232 7.75639 0.212644 -0.408156 0.0913627
0.294041 -1.08546 0.120108 7.76672 0.213149 -0.408634 0.0916392
0.294951 -1.08783 0.119982 7.77705 0.213655 -0.409112 0.0919162
0.295863 -1.09019 0.119855 7.78738 0.214161 -0.40959 0.0921935
0.296778 -1.09256 0.119727 7.7977 0.214668 -0.410068 0.0924713
0.297694 -1.09493 0.119598 7.80802 0.215175 -0.410545 0.0927496
0.298613 -1.0973 0.119468 7.81834 0.215682 -0.411022 0.0930283
0.299535 -1.09967 0.119337 7.82866 0.216189 -0.411499 0.0933074
0.300458 -1.10204 0.119204 7.83897 0.216696 -0.411976 0.093587
0.301384 -1.10441 0.11907 7.84928 0.217204 -0.412453 0.093867
0.302311 -1.10678 0.118936 7.85959 0.217712 -0.412929 0.0941474
0.303241 -1.10916 0.1188 7.8699 0.218221 -0.413405 0.0944283
0.304174 -1.11153 0.118663 7.8802 0.218729 -0.413881 0.0947096
0.305108 -1.11391 0.118525 7.8905 0.219238 -0.414357 0.0949913
0.306045 -1.11629 0.118385 7.9008 0.219747 -0.414832 0.0952735
0.306984 -1.11867 0.118245 7.9111 0.220256 -0.415308 0.0955561
0.307925 -1.12104 0.118104 7.92139 0.220766 -0.415783 0.0958392
0.308869 -1.12342 0.117961 7.93168 0.221276 -0.416258 0.0961227
0.309815 -1.12581 0.117817 7.94197 0.221786 -0.416732 0.0964066
0.310763 -1.12819 0.117672 7.95225 0.222296 -0.417207 0.0966909
0.311713 -1.13057 0.117527 7.96254 0.222806 -0.417681 0.0969757
0.312666 -1.13296 0.11738 7.97282 0.223317 -0.418155 0.097261
0.31362 -1.13534 0.117231 7.98309 0.223828 -0.418629 0.0975466
0.314578 -1.13773 0.117082 7.99337 0.224339 -0.419102 0.0978327
0.315537 -1.14011 0.116932 8.00364 0.224851 -0.419575 0.0981192
0.316499 -1.1425 0.116781 8.01391 0.225363 -0.420049 0.0984062
0.317463 -1.14489 0.116628 8.02418 0.225875 -0.420521 0.0986936
0.318429 -1.14728 0.116474 8.03444 0.226387 -0.420994 0.0989814
0.319398 -1.14967 0.11632 8.0447 0.226899 -0.421467 0.0992697
0.320369 -1.15206 0.116164 8.05496 0.227412 -0.421939 0.0995584
0.321342 -1.15445 0.116007 8.06522 0.227925 -0.422411 0.0998475
0.322317 -1.15685 0.115849 8.07547 0.228438 -0.422883 0.100137
0.323295 -1.15924 0.11569 8.08572 0.228951 -0.423354 0.100427
0.324275 -1.16164 0.11553 8.09597 0.229465 -0.423826 0.100717
0.325258 -1.16403 0.115369 8.10622 0.229978 -0.424297 0.101008
0.326242 -1.16643 0.115207 8.11646 0.230492 -0.424768 0.1013
0.32723 -1.16883 0.115043 8.1267 0.231006 -0.425239 0.101591
0.328219 -1.17122 0.114879 8.13694 0.231521 -0.425709 0.101883
0.329211 -1.17362 0.114713 8.14717 0.232035 -0.426179 0.102176
0.330205 -1.17602 0.114547 8.15741 0.23255 -0.426649 0.102469
0.331201 -1.17842 0.114379 8.16764 0.233065 -0.427119 0.102762
0.3322 -1.18083 0.11421 8.17786 0.233581 -0.427589 0.103056
0.333201 -1.18323 0.114041 8.18809 0.234096 -0.428058 0.103351
0.334205 -1.18563 0.11387 8.19831 0.234612 -0.428528 0.103645
0.335211 -1.18804 0.113698 8.20853 0.235128 -0.428997 0.103941
0.336219 -1.19044 0.113525 8.21874 0.235644 -0.429465 0.104236
0.33723 -1.19285 0.113351 8.22896 0.23616 -0.429934 0.104532
0.338243 -1.19525 0.113176 8.23917 0.236676 -0.430402 0.104829
0.339258 -1.19766 0.113 8.24937 0.237193 -0.43087 0.105125
0.340276 -1.20007 0.112823 8.25958 0.23771 -0.431338 0.105423
0.341296 -1.20248 0.112644 8.26978 0.238227 -0.431806 0.10572
0.342319 -1.20489 0.112465 8.27998 0.238744 -0.432273 0.106019
0.343344 -1.2073 0.112285 8.29018 0.239262 -0.432741 0.106317
0.344371 -1.20971 0.112103 8.30037 0.23978 -0.433208 0.106616
0.345401 -1.21212 0.111921 8.31056 0.240297 -0.433674 0.106916
0.346433 -1.21453 0.111738 8.32075 0.240815 -0.434141 0.107215
0.347467 -1.21695 0.111553 8.33094 0.241334 -0.434607 0.107516
0.348504 -1.21936 0.111368 8.34112 0.241852 -0.435074 0.107816
0.349544 -1.22178 0.111181 8.3513 0.242371 -0.43554 0.108117
0.350586 -1.22419 0.110994 8.36148 0.24289 -0.436005 0.108419
0.35163 -1.22661 0.110805 8.37165 0.243409 -0.436471 0.108721
0.352677 -1.22903 0.110616 8.38182 0.243928 -0.436936 0.109023
0.353726 -1.23144 0.110425 8.39199 0.244447 -0.437401 0.109326
0.354777 -1.23386 0.110233 8.40216 0.244967 -0.437866 0.109629
0.355831 -1.23628 0.110041 8.41232 0.245486 -0.438331 0.109933
0.356888 -1.2387 0.109847 8.42248 0.246006 -0.438795 0.110237
0.357947 -1.24112 0.109652 8.43264 0.246526 -0.439259 0.110542
0.359008 -1.24354 0.109457 8.44279 0.247046 -0.439723 0.110847
0.360072 -1.24596 0.10926 8.45294 0.247567 -0.440187 0.111152
0.361138 -1.24839 0.109062 8.46309 0.248087 -0.44065 0.111458
0.362207 -1.25081 0.108864 8.47324 0.248608 -0.441114 0.111764
0.363278 -1.25323 0.108664 8.48338 0.249129 -0.441577 0.112071
0.364352 -1.25566 0.108463 8.49352 0.24965 -0.44204 0.112378
0.365428 -1.25808 0.108262 8.50366 0.250171 -0.442502 0.112685
0.366507 -1.26051 0.108059 8.51379 0.250693 -0.442965 0.112993
0.367588 -1.26293 0.107855 8.52392 0.251214 -0.443427 0.113301
0.368672 -1.26536 0.107651 8.53405 0.251736 -0.443889 0.11361
0.369758 -1.26779 0.107445 8.54418 0.252258 -0.444351 0.113919
0.370847 -1.27022 0.107238 8.5543 0.25278 -0.444813 0.114229
0.371938 -1.27264 0.107031 8.56442 0.253302 -0.445274 0.114539
0.373032 -1.27507 0.106822 8.57454 0.253824 -0.445735 0.114849
0.374128 -1.2775 0.106613 8.58465 0.254347 -0.446196 0.11516
0.375227 -1.27993 0.106402 8.59476 0.25487 -0.446657 0.115471
0.376328 -1.28236 0.106191 8.60487 0.255392 -0.447117 0.115783
0.377432 -1.28479 0.105978 8.61498 0.255915 -0.447577 0.116095
0.378538 -1.28723 0.105765 8.62508 0.256438 -0.448038 0.116407
0.379647 -1.28966 0.10555 8.63518 0.256962 -0.448497 0.11672
0.380758 -1.29209 0.105335 8.64527 0.257485 -0.448957 0.117033
0.381872 -1.29453 0.105119 8.65537 0.258009 -0.449416 0.117347
0.382989 -1.29696 0.104902 8.66546 0.258532 -0.449876 0.117661
0.384108 -1.29939 0.104683 8.67555 0.259056 -0.450335 0.117976
0.385229 -1.30183 0.104464 8.68563 0.25958 -0.450793 0.118291
0.386353 -1.30427 0.104244 8.69571 0.260104 -0.451252 0.118606
0.38748 -1.3067 0.104023 8.70579 0.260628 -0.45171 0.118922
0.388609 -1.30914 0.103801 8.71587 0.261153 -0.452168 0.119238
0.389741 -1.31158 0.103578 8.72594 0.261677 -0.452626 0.119554
0.390876 -1.31401 0.103354 8.73601 0.262202 -0.453084 0.119872
0.392013 -1.31645 0.10313 8.74608 0.262727 -0.453541 0.120189
0.393152 -1.31889 0.102904 8.75614 0.263252 -0.453998 0.120507
0.394295 -1.32133 0.102677 8.7662 0.263777 -0.454456 0.120825
0.395439 -1.32377 0.10245 8.77626 0.264302 -0.454912 0.121144
0.396587 -1.32621 0.102221 8.78631 0.264827 -0.455369 0.121463
0.397737 -1.32865 0.101992 8.79637 0.265352 -0.455825 0.121782
0.398889 -1.33109 0.101761 8.80641 0.265878 -0.456281 0.122102
0.400045 -1.33353 0.10153 8.81646 0.266404 -0.456737 0.122422
0.401202 -1.33597 0.101298 8.8265 0.266929 -0.457193 0.122743
0.402363 -1.33842 0.101065 8.83654 0.267455 -0.457649 0.123064
0.403526 -1.34086 0.100831 8.84658 0.267981 -0.458104 0.123386
0.404692 -1.3433 0.100596 8.85661 0.268507 -0.458559 0.123708
0.40586 -1.34575 0.10036 8.86664 0.269033 -0.459014 0.12403
0.407031 -1.34819 0.100124 8.87667 0.26956 -0.459468 0.124353
0.408205 -1.35063 0.099886 8.8867 0.270086 -0.459923 0.124676
0.409381 -1.35308 0.0996475 8.89672 0.270613 -0.460377 0.125
0.41056 -1.35552 0.0994082 8.90674 0.271139 -0.460831 0.125324
0.411741 -1.35797 0.0991679 8.91675 0.271666 -0.461285 0.125648
0.412926 -1.36041 0.0989268 8.92676 0.272193 -0.461738 0.125973
0.414113 -1.36286 0.0986848 8.93677 0.27272 -0.462192 0.126298
0.415302 -1.36531 0.0984419 8.94678 0.273247 -0.462645 0.126623
0.416494 -1.36775 0.0981982 8.95678 0.273774 -0.463098 0.126949
0.417689 -1.3702 0.0979535 8.96678 0.274302 -0.46355 0.127276
0.418887 -1.37265 0.0977081 8.97678 0.274829 -0.464003 0.127603
0.420087 -1.3751 0.0974617 8.98678 0.275357 -0.464455 0.12793
0.42129 -1.37755 0.0972145 8.99677 0.275884 -0.464907 0.128258
0.422496 -1.37999 0.0969664 9.00675 0.276412 -0.465359 0.128586
0.423704 -1.38244 0.0967174 9.01674 0.27694 -0.46581 0.128914
0.424915 -1.38489 0.0964676 9.02672 0.277467 -0.466262 0.129243
0.426129 -1.38734 0.096217 9.0367 0.277995 -0.466713 0.129572
0.427345 -1.38979 0.0959655 9.04668 0.278523 -0.467164 0.129902
0.428564 -1.39224 0.0957132 9.05665 0.279052 -0.467615 0.130232
0.429786 -1.39469 0.09546 9.06662 0.27958 -0.468065 0.130562
0.431011 -1.39714 0.0952059 9.07658 0.280108 -0.468516 0.130893
0.432238 -1.39959 0.0949511 9.08655 0.280637 -0.468966 0.131224
0.433468 -1.40205 0.0946954 9.09651 0.281165 -0.469415 0.131556
0.434701 -1.4045 0.0944389 9.10646 0.281694 -0.469865 0.131888
0.435936 -1.40695 0.0941815 9.11642 0.282222 -0.470315 0.13222
0.437175 -1.4094 0.0939233 9.12637 0.282751 -0.470764 0.132553
0.438416 -1.41185 0.0936643 9.13632 0.28328 -0.471213 0.132886
0.43966 -1.41431 0.0934045 9.14626 0.283809 -0.471662 0.13322
0.440906 -1.41676 0.0931439 9.1562 0.284337 -0.47211 0.133554
0.442155 -1.41921 0.0928824 9.16614 0.284866 -0.472559 0.133888
0.443407 -1.42167 0.0926202 9.17607 0.285396 -0.473007 0.134223
0.444662 -1.42412 0.0923571 9.18601 0.285925 -0.473455 0.134558
0.44592 -1.42657 0.0920932 9.19593 0.286454 -0.473902 0.134894
0.44718 -1.42903 0.0918286 9.20586 0.286983 -0.47435 0.13523
0.448443 -1.43148 0.0915631 9.21578 0.287513 -0.474797 0.135566
0.449709 -1.43394 0.0912968 9.2257 0.288042 -0.475244 0.135903
0.450978 -1.43639 0.0910298 9.23562 0.288572 -0.475691 0.13624
0.452249 -1.43885 0.090762 9.24553 0.289101 -0.476138 0.136578
0.453524 -1.4413 0.0904933 9.25544 0.289631 -0.476584 0.136916
0.454801 -1.44376 0.0902239 9.26535 0.29016 -0.477031 0.137254
0.456081 -1.44621 0.0899537 9.27525 0.29069 -0.477477 0.137593
0.457363 -1.44867 0.0896828 9.28515 0.29122 -0.477922 0.137932
0.458649 -1.45112 0.0894111 9.29505 0.29175 -0.478368 0.138271
0.459937 -1.45358 0.0891386 9.30494 0.29228 -0.478813 0.138611
0.461229 -1.45604 0.0888653 9.31483 0.29281 -0.479259 0.138952
0.462523 -1.45849 0.0885913 9.32472 0.29334 -0.479704 0.139292
0.463819 -1.46095 0.0883165 9.3346 0.29387 -0.480148 0.139633
0.465119 -1.46341 0.088041 9.34448 0.2944 -0.480593 0.139975
0.466422 -1.46586 0.0877647 9.35436 0.29493 -0.481037 0.140317
0.467727 -1.46832 0.0874876 9.36424 0.29546 -0.481481 0.140659
0.469035 -1.47078 0.0872098 9.37411 0.29599 -0.481925 0.141002
0.470346 -1.47323 0.0869313 9.38398 0.296521 -0.482369 0.141345
0.47166 -1.47569 0.086652 9.39384 0.297051 -0.482812 0.141688
0.472977 -1.47815 0.086372 9.4037 0.297581 -0.483256 0.142032
0.474297 -1.48061 0.0860913 9.41356 0.298112 -0.483699 0.142376
0.475619 -1.48306 0.0858098 9.42342 0.298642 -0.484141 0.14272
0.476945 -1.48552 0.0855276 9.43327 0.299173 -0.484584 0.143065
0.478273 -1.48798 0.0852447 9.44312 0.299703 -0.485026 0.143411
0.479604 -1.49044 0.084961 9.45296 0.300234 -0.485469 0.143757
0.480938 -1.49289 0.0846767 9.46281 0.300765 -0.485911 0.144103
0.482275 -1.49535 0.0843916 9.47265 0.301295 -0.486352 0.144449
0.483615 -1.49781 0.0841058 9.48248 0.301826 -0.486794 0.144796
0.484958 -1.50027 0.0838193 9.49231 0.302357 -0.487235 0.145143
0.486303 -1.50273 0.0835321 9.50214 0.302887 -0.487676 0.145491
0.487652 -1.50518 0.0832442 9.51197 0.303418 -0.488117 0.145839
0.489004 -1.50764 0.0829556 9.52179 0.303949 -0.488558 0.146187
0.490358 -1.5101 0.0826663 9.53161 0.30448 -0.488999 0.146536
0.491715 -1.51256 0.0823764 9.54143 0.305011 -0.489439 0.146885
0.493076 -1.51502 0.0820857 9.55124 0.305541 -0.489879 0.147235
0.494439 -1.51748 0.0817943 9.56105 0.306072 -0.490319 0.147585
0.495805 -1.51993 0.0815023 9.57086 0.306603 -0.490759 0.147935
0.497174 -1.52239 0.0812096 9.58066 0.307134 -0.491198 0.148286
0.498546 -1.52485 0.0809162 9.59046 0.307665 -0.491637 0.148637
0.499921 -1.52731 0.0806222 9.60026 0.308196 -0.492076 0.148988
0.501299 -1.52977 0.0803275 9.61005 0.308727 -0.492515 0.14934
0.50268 -1.53223 0.0800321 9.61984 0.309258 -0.492954 0.149692
0.504064 -1.53468 0.079736 9.62963 0.309789 -0.493392 0.150045
0.50545 -1.53714 0.0794393 9.63941 0.31032 -0.49383 0.150398
0.50684 -1.5396 0.079142 9.64919 0.310851 -0.494268 0.150751
0.508233 -1.54206 0.078844 9.65897 0.311382 -0.494706 0.151105
0.509629 -1.54452 0.0785453 9.66875 0.311913 -0.495144 0.151459
0.511027 -1.54698 0.078246 9.67852 0.312444 -0.495581 0.151813
0.512429 -1.54943 0.0779461 9.68828 0.312975 -0.496018 0.152168
0.513834 -1.55189 0.0776456 9.69805 0.313506 -0.496455 0.152523
0.515241 -1.55435 0.0773444 9.70781 0.314037 -0.496892 0.152879
0.516652 -1.55681 0.0770425 9.71757 0.314568 -0.497328 0.153235
0.518066 -1.55927 0.0767401 9.72732 0.315099 -0.497765 0.153591
0.519483 -1.56172 0.076437 9.73707 0.31563 -0.498201 0.153948
0.520902 -1.56418 0.0761333 9.74682 0.316161 -0.498637 0.154305
0.522325 -1.56664 0.075829 9.75656 0.316692 -0.499073 0.154662
0.523751 -1.5691 0.0755241 9.7663 0.317223 -0.499508 0.15502
0.52518 -1.57156 0.0752185 9.77604 0.317755 -0.499943 0.155378
0.526611 -1.57401 0.0749124 9.78577 0.318286 -0.500378 0.155737
0.528046 -1.57647 0.0746057 9.79551 0.318817 -0.500813 0.156096
0.529484 -1.57893 0.0742983 9.80523 0.319348 -0.501248 0.156455
0.530925 -1.58138 0.0739904 9.81496 0.319879 -0.501682 0.156815
0.532369 -1.58384 0.0736819 9.82468 0.32041 -0.502117 0.157175
0.533816 -1.5863 0.0733728 9.8344 0.320941 -0.502551 0.157535
0.535266 -1.58876 0.0730631 9.84411 0.321472 -0.502985 0.157896
0.536719 -1.59121 0.0727528 9.85382 0.322002 -0.503418 0.158257
0.538176 -1.59367 0.072442 9.86353 0.322533 -0.503852 0.158619
0.539635 -1.59612 0.0721306 9.87323 0.323064 -0.504285 0.15898
0.541097 -1.59858 0.0718186 9.88293 0.323595 -0.504718 0.159343
0.542563 -1.60104 0.071506 9.89263 0.324126 -0.505151 0.159705
0.544031 -1.60349 0.0711929 9.90233 0.324657 -0.505583 0.160068
0.545503 -1.60595 0.0708792 9.91202 0.325188 -0.506016 0.160432
0.546978 -1.6084 0.070565 9.92171 0.325719 -0.506448 0.160795
0.548456 -1.61086 0.0702502 9.93139 0.326249 -0.50688 0.161159
0.549937 -1.61332 0.0699349 9.94107 0.32678 -0.507312 0.161524
0.551421 -1.61577 0.069619 9.95075 0.327311 -0.507743 0.161888
0.552908 -1.61823 0.0693026 9.96042 0.327841 -0.508175 0.162254
0.554398 -1.62068 0.0689856 9.97009 0.328372 -0.508606 0.162619
0.555892 -1.62313 0.0686681 9.97976 0.328903 -0.509037 0.162985
0.557388 -1.62559 0.0683501 9.98942 0.329433 -0.509468 0.163351
0.558888 -1.62804 0.0680316 9.99909 0.329964 -0.509898 0.163718
0.560391 -1.6305 0.0677125 10.0087 0.330494 -0.510329 0.164085
0.561897 -1.63295 0.0673929 10.0184 0.331025 -0.510759 0.164452
0.563406 -1.6354 0.0670728 10.028 0.331555 -0.511189 0.16482
0.564918 -1.63786 0.0667522 10.0377 0.332086 -0.511619 0.165188
0.566433 -1.64031 0.0664311 10.0473 0.332616 -0.512048 0.165556
0.567952 -1.64276 0.0661095 10.057 0.333147 -0.512477 0.165925
0.569473 -1.64522 0.0657874 10.0666 0.333677 -0.512907 0.166294
0.570998 -1.64767 0.0654647 10.0763 0.334207 -0.513336 0.166663
0.572526 -1.65012 0.0651416 10.0859 0.334737 -0.513764 0.167033
0.574058 -1.65257 0.064818 10.0955 0.335268 -0.514193 0.167403
0.575592 -1.65502 0.0644939 10.1051 0.335798 -0.514621 0.167774
0.577129 -1.65748 0.0641693 10.1148 0.336328 -0.515049 0.168145
0.57867 -1.65993 0.0638443 10.1244 0.336858 -0.515477 0.168516
0.580214 -1.66238 0.0635188 10.134 0.337388 -0.515905 0.168887
0.581761 -1.66483 0.0631928 10.1436 0.337918 -0.516333 0.169259
0.583312 -1.66728 0.0628663 10.1532 0.338448 -0.51676 0.169632
0.584865 -1.66973 0.0625394 10.1628 0.338977 -0.517187 0.170004
0.586422 -1.67218 0.062212 10.1724 0.339507 -0.517614 0.170377
0.587982 -1.67463 0.0618841 10.182 0.340037 -0.518041 0.170751
0.589545 -1.67708 0.0615558 10.1916 0.340567 -0.518467 0.171124
0.591112 -1.67953 0.0612271 10.2012 0.341096 -0.518894 0.171498
0.592681 -1.68197 0.0608979 10.2108 0.341626 -0.51932 0.171873
0.594254 -1.68442 0.0605682 10.2204 0.342155 -0.519746 0.172247
0.59583 -1.68687 0.0602382 10.2299 0.342685 -0.520171 0.172622
0.59741 -1.68932 0.0599077 10.2395 0.343214 -0.520597 0.172998
0.598992 -1.69177 0.0595767 10.2491 0.343743 -0.521022 0.173374
0.600578 -1.69421 0.0592453 10.2586 0.344272 -0.521448 0.17375
0.602167 -1.69666 0.0589136 10.2682 0.344802 -0.521872 0.174126
0.603759 -1.69911 0.0585813 10.2778 0.345331 -0.522297 0.174503
0.605355 -1.70155 0.0582487 10.2873 0.34586 -0.522722 0.17488
0.606954 -1.704 0.0579157 10.2969 0.346389 -0.523146 0.175258
0.608556 -1.70644 0.0575822 10.3064 0.346918 -0.52357 0.175636
0.610162 -1.70889 0.0572484 10.316 0.347446 -0.523994 0.176014
0.61177 -1.71133 0.0569141 10.3255 0.347975 -0.524418 0.176392
0.613382 -1.71378 0.0565795 10.3351 0.348504 -0.524842 0.176771
0.614998 -1.71622 0.0562444 10.3446 0.349032 -0.525265 0.177151
0.616616 -1.71866 0.055909 10.3542 0.349561 -0.525688 0.17753
0.618238 -1.72111 0.0555732 10.3637 0.350089 -0.526111 0.17791
0.619863 -1.72355 0.055237 10.3732 0.350618 -0.526534 0.17829
0.621492 -1.72599 0.0549004 10.3827 0.351146 -0.526957 0.178671
0.623124 -1.72843 0.0545635 10.3923 0.351674 -0.527379 0.179052
0.624759 -1.73088 0.0542262 10.4018 0.352202 -0.527801 0.179433
0.626397 -1.73332 0.0538885 10.4113 0.35273 -0.528223 0.179815
0.628039 -1.73576 0.0535504 10.4208 0.353258 -0.528645 0.180197
0.629684 -1.7382 0.053212 10.4303 0.353786 -0.529067 0.180579
0.631333 -1.74064 0.0528733 10.4398 0.354314 -0.529488 0.180962
0.632984 -1.74308 0.0525341 10.4493 0.354842 -0.529909 0.181345
0.634639 -1.74552 0.0521947 10.4588 0.355369 -0.53033 0.181728
0.636298 -1.74795 0.0518549 10.4683 0.355897 -0.530751 0.182112
0.63796 -1.75039 0.0515147 10.4778 0.356424 -0.531172 0.182496
0.639625 -1.75283 0.0511742 10.4873 0.356952 -0.531592 0.18288
0.641294 -1.75527 0.0508334 10.4968 0.357479 -0.532012 0.183265
0.642965 -1.7577 0.0504923 10.5063 0.358006 -0.532433 0.18365
0.644641 -1.76014 0.0501508 10.5157 0.358533 -0.532852 0.184035
0.646319 -1.76258 0.049809 10.5252 0.35906 -0.533272 0.184421
0.648002 -1.76501 0.0494669 10.5347 0.359587 -0.533692 0.184807
0.649687 -1.76745 0.0491245 10.5441 0.360114 -0.534111 0.185193
0.651376 -1.76988 0.0487818 10.5536 0.360641 -0.53453 0.18558
0.653068 -1.77232 0.0484388 10.5631 0.361167 -0.534949 0.185967
0.654764 -1.77475 0.0480954 10.5725 0.361694 -0.535368 0.186354
0.656463 -1.77718 0.0477518 10.582 0.36222 -0.535786 0.186742
0.658165 -1.77962 0.0474079 10.5914 0.362746 -0.536204 0.18713
0.659871 -1.78205 0.0470637 10.6009 0.363272 -0.536623 0.187518
0.66158 -1.78448 0.0467192 10.6103 0.363799 -0.537041 0.187907
0.663293 -1.78691 0.0463744 10.6197 0.364324 -0.537458 0.188296
0.665009 -1.78934 0.0460293 10.6292 0.36485 -0.537876 0.188685
0.666729 -1.79177 0.045684 10.6386 0.365376 -0.538293 0.189075
0.668452 -1.7942 0.0453384 10.648 0.365902 -0.538711 0.189465
0.670178 -1.79663 0.0449925 10.6575 0.366427 -0.539128 0.189855
0.671908 -1.79906 0.0446464 10.6669 0.366953 -0.539544 0.190246
0.673641 -1.80149 0.0443 10.6763 0.367478 -0.539961 0.190637
0.675378 -1.80392 0.0439533 10.6857 0.368003 -0.540377 0.191028
0.677118 -1.80635 0.0436064 10.6951 0.368528 -0.540794 0.19142
0.678862 -1.80877 0.0432593 10.7045 0.369053 -0.54121 0.191811
0.680609 -1.8112 0.0429119 10.7139 0.369578 -0.541626 0.192204
0.68236 -1.81362 0.0425642 10.7234 0.370103 -0.542041 0.192596
0.684114 -1.81605 0.0422164 10.7327 0.370628 -0.542457 0.192989
0.685872 -1.81847 0.0418683 10.7421 0.371152 -0.542872 0.193382
0.687633 -1.8209 0.0415199 10.7515 0.371676 -0.543287 0.193776
0.689397 -1.82332 0.0411714 10.7609 0.372201 -0.543702 0.19417
0.691165 -1.82574 0.0408226 10.7703 0.372725 -0.544117 0.194564
0.692937 -1.82817 0.0404736 10.7797 0.373249 -0.544531 0.194959
0.694712 -1.83059 0.0401244 10.7891 0.373773 -0.544946 0.195354
0.696491 -1.83301 0.039775 10.7984 0.374297 -0.54536 0.195749
0.698273 -1.83543 0.0394254 10.8078 0.37482 -0.545774 0.196144
0.700058 -1.83785 0.0390756 10.8172 0.375344 -0.546188 0.19654
0.701848 -1.84027 0.0387256 10.8265 0.375867 -0.546601 0.196936
0.70364 -1.84269 0.0383754 10.8359 0.37639 -0.547015 0.197333
0.705436 -1.84511 0.038025 10.8453 0.376914 -0.547428 0.197729
0.707236 -1.84753 0.0376744 10.8546 0.377437 -0.547841 0.198126
0.709039 -1.84994 0.0373236 10.864 0.377959 -0.548254 0.198524
0.710846 -1.85236 0.0369727 10.8733 0.378482 -0.548667 0.198922
0.712657 -1.85478 0.0366216 10.8826 0.379005 -0.549079 0.19932
0.714471 -1.85719 0.0362703 10.892 0.379527 -0.549492 0.199718
0.716288 -1.85961 0.0359188 10.9013 0.38005 -0.549904 0.200117
0.718109 -1.86202 0.0355672 10.9106 0.380572 -0.550316 0.200516
0.719934 -1.86444 0.0352155 10.92 0.381094 -0.550728 0.200915
0.721762 -1.86685 0.0348635 10.9293 0.381616 -0.551139 0.201315
0.723594 -1.86926 0.0345115 10.9386 0.382138 -0.551551 0.201714
0.725429 -1.87167 0.0341593 10.9479 0.382659 -0.551962 0.202115
0.727268 -1.87408 0.0338069 10.9573 0.383181 -0.552373 0.202515
0.729111 -1.87649 0.0334544 10.9666 0.383702 -0.552784 0.202916
0.730957 -1.8789 0.0331018 10.9759 0.384223 -0.553195 0.203317
0.732807 -1.88131 0.032749 10.9852 0.384744 -0.553605 0.203719
0.73466 -1.88372 0.0323961 10.9945 0.385265 -0.554016 0.204121
0.736517 -1.88613 0.0320431 11.0038 0.385786 -0.554426 0.204523
0.738378 -1.88854 0.03169 11.0131 0.386307 -0.554836 0.204925
0.740242 -1.89094 0.0313367 11.0224 0.386827 -0.555245 0.205328
0.74211 -1.89335 0.0309834 11.0316 0.387348 -0.555655 0.205731
0.743981 -1.89576 0.0306299 11.0409 0.387868 -0.556065 0.206134
0.745857 -1.89816 0.0302763 11.0502 0.388388 -0.556474 0.206538
0.747735 -1.90057 0.0299227 11.0595 0.388908 -0.556883 0.206942
0.749618 -1.90297 0.0295689 11.0688 0.389427 -0.557292 0.207346
0.751504 -1.90537 0.0292151 11.078 0.389947 -0.5577 0.207751
0.753394 -1.90777 0.0288611 11.0873 0.390467 -0.558109 0.208156
0.755287 -1.91018 0.0285071 11.0966 0.390986 -0.558517 0.208561
0.757184 -1.91258 0.028153 11.1058 0.391505 -0.558926 0.208966
0.759085 -1.91498 0.0277988 11.1151 0.392024 -0.559334 0.209372
0.760989 -1.91738 0.0274446 11.1243 0.392543 -0.559741 0.209778
0.762897 -1.91977 0.0270903 11.1336 0.393061 -0.560149 0.210185
0.764809 -1.92217 0.0267359 11.1428 0.39358 -0.560557 0.210591
0.766724 -1.92457 0.0263814 11.1521 0.394098 -0.560964 0.210998
0.768644 -1.92697 0.0260269 11.1613 0.394616 -0.561371 0.211406
0.770566 -1.92936 0.0256724 11.1705 0.395134 -0.561778 0.211813
0.772493 -1.93176 0.0253178 11.1798 0.395652 -0.562185 0.212221
0.774423 -1.93415 0.0249632 11.189 0.39617 -0.562591 0.212629
0.776357 -1.93655 0.0246085 11.1982 0.396687 -0.562998 0.213038
0.778295 -1.93894 0.0242538 11.2074 0.397205 -0.563404 0.213447
0.780236 -1.94133 0.023899 11.2167 0.397722 -0.56381 0.213856
0.782181 -1.94372 0.0235442 11.2259 0.398239 -0.564216 0.214265
0.78413 -1.94611 0.0231894 11.2351 0.398756 -0.564622 0.214675
0.786083 -1.9485 0.0228346 11.2443 0.399273 -0.565027 0.215085
0.788039 -1.95089 0.0224798 11.2535 0.399789 -0.565433 0.215495
0.789999 -1.95328 0.0221249 11.2627 0.400305 -0.565838 0.215906
0.791963 -1.95567 0.0217701 11.2719 0.400822 -0.566243 0.216317
0.793931 -1.95806 0.0214152 11.2811 0.401338 -0.566648 0.216728
0.795902 -1.96044 0.0210603 11.2903 0.401853 -0.567053 0.21714
0.797877 -1.96283 0.0207055 11.2995 0.402369 -0.567457 0.217551
0.799856 -1.96522 0.0203506 11.3086 0.402884 -0.567861 0.217963
0.801839 -1.9676 0.0199957 11.3178 0.4034 -0.568266 0.218376
0.803825 -1.96998 0.0196409 11.327 0.403915 -0.56867 0.218788
0.805815 -1.97237 0.0192861 11.3362 0.40443 -0.569073 0.219201
0.807809 -1.97475 0.0189313 11.3453 0.404945 -0.569477 0.219615
0.809807 -1.97713 0.0185765 11.3545 0.405459 -0.569881 0.220028
0.811809 -1.97951 0.0182218 11.3637 0.405974 -0.570284 0.220442
0.813814 -1.98189 0.0178671 11.3728 0.406488 -0.570687 0.220856
0.815823 -1.98427 0.0175124 11.382 0.407002 -0.57109 0.221271
0.817836 -1.98665 0.0171578 11.3911 0.407516 -0.571493 0.221685
0.819853 -1.98902 0.0168032 11.4003 0.408029 -0.571895 0.2221
0.821874 -1.9914 0.0164487 11.4094 0.408543 -0.572298 0.222516
0.823898 -1.99378 0.0160942 11.4186 0.409056 -0.5727 0.222931
0.825927 -1.99615 0.0157398 11.4277 0.409569 -0.573102 0.223347
0.827959 -1.99853 0.0153855 11.4368 0.410082 -0.573504 0.223763
0.829995 -2.0009 0.0150312 11.446 0.410595 -0.573906 0.22418
0.832035 -2.00327 0.014677 11.4551 0.411108 -0.574308 0.224596
0.834078 -2.00564 0.0143228 11.4642 0.41162 -0.574709 0.225013
0.836126 -2.00801 0.0139688 11.4733 0.412132 -0.575111 0.225431
0.838177 -2.01038 0.0136148 11.4825 0.412644 -0.575512 0.225848
0.840233 -2.01275 0.0132609 11.4916 0.413156 -0.575913 0.226266
0.842292 -2.01512 0.0129071 11.5007 0.413668 -0.576314 0.226684
0.844355 -2.01749 0.0125533 11.5098 0.414179 -0.576714 0.227103
0.846422 -2.01986 0.0121997 11.5189 0.41469 -0.577115 0.227522
0.848493 -2.02222 0.0118462 11.528 0.415201 -0.577515 0.227941
0.850567 -2.02459 0.0114928 11.5371 0.415712 -0.577915 0.22836
0.852646 -2.02695 0.0111395 11.5462 0.416223 -0.578315 0.228779
0.854729 -2.02932 0.0107863 11.5553 0.416733 -0.578715 0.229199
0.856815 -2.03168 0.0104332 11.5644 0.417243 -0.579115 0.229619
0.858905 -2.03404 0.0100802 11.5734 0.417753 -0.579514 0.23004
0.861 -2.0364 0.00972738 11.5825 0.418263 -0.579913 0.230461
0.863098 -2.03876 0.00937467 11.5916 0.418773 -0.580313 0.230882
0.8652 -2.04112 0.00902209 11.6007 0.419282 -0.580712 0.231303
0.867306 -2.04348 0.00866964 11.6097 0.419792 -0.58111 0.231724
0.869416 -2.04584 0.00831734 11.6188 0.420301 -0.581509 0.232146
0.87153 -2.0482 0.00796517 11.6279 0.420809 -0.581908 0.232568
0.873648 -2.05055 0.00761316 11.6369 0.421318 -0.582306 0.232991
0.875769 -2.05291 0.00726129 11.646 0.421826 -0.582704 0.233413
0.877895 -2.05526 0.00690958 11.655 0.422335 -0.583102 0.233836
0.880025 -2.05762 0.00655803 11.6641 0.422843 -0.5835 0.23426
0.882159 -2.05997 0.00620664 11.6731 0.423351 -0.583898 0.234683
0.884296 -2.06232 0.00585542 11.6822 0.423858 -0.584295 0.235107
0.886438 -2.06467 0.00550436 11.6912 0.424366 -0.584693 0.235531
0.888584 -2.06702 0.00515348 11.7002 0.424873 -0.58509 0.235955
0.890733 -2.06937 0.00480278 11.7093 0.42538 -0.585487 0.23638
0.892887 -2.07172 0.00445226 11.7183 0.425886 -0.585884 0.236805
0.895044 -2.07407 0.00410193 11.7273 0.426393 -0.586281 0.23723
0.897206 -2.07642 0.00375178 11.7363 0.426899 -0.586677 0.237655
0.899372 -2.07876 0.00340183 11.7454 0.427405 -0.587074 0.238081
0.901541 -2.08111 0.00305207 11.7544 0.427911 -0.58747 0.238507
0.903715 -2.08345 0.00270252 11.7634 0.428417 -0.587866 0.238933
0.905893 -2.08579 0.00235317 11.7724 0.428923 -0.588262 0.239359
0.908074 -2.08814 0.00200403 11.7814 0.429428 -0.588658 0.239786
0.91026 -2.09048 0.0016551 11.7904 0.429933 -0.589054 0.240213
0.91245 -2.09282 0.00130638 11.7994 0.430438 -0.589449 0.240641
0.914644 -2.09516 0.000957888 11.8084 0.430942 -0.589844 0.241068
0.916842 -2.0975 0.000609618 11.8174 0.431447 -0.59024 0.241496
0.919043 -2.09983 0.000261575 11.8264 0.431951 -0.590635 0.241924
0.921249 -2.10217 -8.62374e-05 11.8353 0.432455 -0.59103 0.242352
0.923459 -2.10451 -0.000433814 11.8443 0.432959 -0.591424 0.242781
0.925674 -2.10684 -0.000781152 11.8533 0.433462 -0.591819 0.24321
0.927892 -2.10918 -0.00112825 11.8623 0.433965 -0.592213 0.243639
0.930114 -2.11151 -0.0014751 11.8712 0.434469 -0.592608 0.244069
0.93234 -2.11384 -0.0018217 11.8802 0.434971 -0.593002 0.244498
0.934571 -2.11617 -0.00216804 11.8892 0.435474 -0.593396 0.244928
0.936805 -2.1185 -0.00251413 11.8981 0.435976 -0.593789 0.245359
0.939044 -2.12083 -0.00285995 11.9071 0.436479 -0.594183 0.245789
0.941287 -2.12316 -0.00320551 11.916 0.436981 -0.594577 0.24622
0.943534 -2.12549 -0.00355081 11.925 0.437482 -0.59497 0.246651
0.945785 -2.12782 -0.00389583 11.9339 0.437984 -0.595363 0.247082
0.94804 -2.13014 -0.00424057 11.9429 0.438485 -0.595756 0.247514
0.950299 -2.13247 -0.00458503 11.9518 0.438986 -0.596149 0.247946
0.952562 -2.13479 -0.00492921 11.9607 0.439487 -0.596542 0.248378
0.95483 -2.13712 -0.0052731 11.9697 0.439987 -0.596935 0.24881
0.957101 -2.13944 -0.00561669 11.9786 0.440488 -0.597327 0.249243
0.959377 -2.14176 -0.00596 11.9875 0.440988 -0.597719 0.249675
0.961657 -2.14408 -0.006303 11.9964 0.441488 -0.598111 0.250109
0.963941 -2.1464 -0.0066457 12.0054 0.441988 -0.598503 0.250542
0.966229 -2.14872 -0.0069881 12.0143 0.442487 -0.598895 0.250976
0.968522 -2.15104 -0.00733018 12.0232 0.442986 -0.599287 0.251409
0.970818 -2.15335 -0.00767195 12.0321 0.443485 -0.599679 0.251844
0.973119 -2.15567 -0.0080134 12.041 0.443984 -0.60007 0.252278
0.975424 -2.15798 -0.00835454 12.0499 0.444482 -0.600461 0.252713
0.977733 -2.1603 -0.00869534 12.0588 0.444981 -0.600852 0.253148
0.980046 -2.16261 -0.00903582 12.0677 0.445479 -0.601243 0.253583
0.982364 -2.16492 -0.00937596 12.0766 0.445976 -0.601634 0.254018
0.984686 -2.16723 -0.00971577 12.0855 0.446474 -0.602025 0.254454
0.987012 -2.16954 -0.0100552 12.0944 0.446971 -0.602415 0.25489
0.989342 -2.17185 -0.0103944 12.1032 0.447468 -0.602806 0.255326
0.991676 -2.17416 -0.0107331 12.1121 0.447965 -0.603196 0.255763
0.994015 -2.17647 -0.0110716 12.121 0.448462 -0.603586 0.256199
0.996358 -2.17877 -0.0114096 12.1299 0.448958 -0.603976 0.256636
0.998705 -2.18108 -0.0117474 12.1387 0.449454 -0.604366 0.257073
1.00106 -2.18338 -0.0120847 12.1476 0.44995 -0.604756 0.257511
