0.174342 0.00548373 -0.220806 0.0322884
0.348373 0.0109084 -0.441407 0.0670906
0.522135 0.0162757 -0.66187 0.104492
0.695669 0.0215867 -0.88226 0.144589
0.869009 0.0268427 -1.10264 0.187484
1.04218 0.0320446 -1.32306 0.233291
1.21522 0.037193 -1.54356 0.282134
1.38813 0.0422882 -1.76421 0.334146
1.56092 0.0473304 -1.98501 0.389468
1.7336 0.0523193 -2.20601 0.448252
1.90615 0.0572543 -2.4272 0.510657
2.07854 0.0621341 -2.64858 0.576848
2.25075 0.0669575 -2.87015 0.646999
2.42271 0.0717222 -3.09186 0.721286
2.59436 0.0764259 -3.31365 0.799888
2.76561 0.0810654 -3.53546 0.882985
2.93636 0.0856371 -3.75719 0.97075
3.10647 0.0901368 -3.97872 1.06335
3.27581 0.0945596 -4.1999 1.16095
3.4442 0.0989003 -4.42056 1.26369
3.61147 0.103153 -4.64052 1.37169
3.77742 0.107312 -4.85957 1.48506
3.94183 0.111369 -5.07746 1.60386
4.10448 0.115319 -5.29397 1.72814
4.26516 0.119155 -5.50885 1.85793
4.42362 0.122869 -5.72183 1.9932
4.57966 0.126456 -5.93269 2.1339
4.73306 0.129908 -6.14117 2.27995
4.88364 0.133221 -6.34707 2.43127
5.03122 0.136388 -6.5502 2.58771
5.17567 0.139406 -6.75038 2.74915
5.31686 0.142271 -6.94749 2.91543
5.4547 0.144979 -7.14144 3.08639
5.58915 0.147528 -7.33214 3.26186
5.72015 0.149916 -7.51959 3.44169
5.84771 0.152142 -7.70376 3.62572
5.97184 0.154204 -7.8847 3.81379
6.09257 0.156104 -8.06245 4.00576
6.20997 0.157839 -8.2371 4.20149
6.3241 0.159411 -8.40874 4.40086
6.43503 0.160819 -8.57748 4.60376
6.54287 0.162064 -8.74345 4.81007
6.6477 0.163146 -8.90677 5.0197
6.74964 0.164066 -9.06759 5.23256
6.84878 0.164823 -9.22606 5.44857
6.94524 0.165419 -9.38231 5.66767
7.03911 0.165852 -9.53651 5.88979
7.13052 0.166123 -9.68879 6.11486
7.21956 0.166232 -9.83931 6.34284
7.30634 0.166179 -9.98821 6.57369
7.39096 0.165962 -10.1356 6.80736
7.47353 0.165581 -10.2818 7.04383
7.55414 0.165036 -10.4267 7.28304
7.63288 0.164324 -10.5705 7.52499
7.70984 0.163446 -10.7135 7.76965
7.78512 0.1624 -10.8556 8.017
7.85879 0.161183 -10.9971 8.26702
7.93094 0.159795 -11.138 8.51972
8.00165 0.158233 -11.2786 8.77507
8.071 0.156495 -11.4188 9.03308
8.13905 0.154579 -11.5588 9.29374
8.20588 0.152483 -11.6988 9.55704
8.27154 0.150204 -11.8387 9.82297
8.33611 0.14774 -11.9788 10.0915
8.39963 0.145087 -12.1191 10.3627
8.46216 0.142243 -12.2597 10.6364
8.52375 0.139206 -12.4006 10.9127
8.58446 0.135971 -12.542 11.1915
8.64433 0.132537 -12.684 11.4729
8.7034 0.128899 -12.8265 11.7568
8.76172 0.125055 -12.9698 12.0432
8.81934 0.121001 -13.1138 12.3321
8.87628 0.116735 -13.2586 12.6235
8.93259 0.112252 -13.4043 12.9173
8.98832 0.107548 -13.551 13.2136
9.04349 0.102619 -13.6987 13.5124
9.09817 0.0974614 -13.8476 13.8137
9.15237 0.09207 -13.9976 14.1175
9.20613 0.0864406 -14.149 14.4238
9.25949 0.0805688 -14.3016 14.7327
9.31248 0.0744501 -14.4557 15.044
9.36512 0.0680798 -14.6112 15.3579
9.41745 0.0614532 -14.7682 15.6743
9.46948 0.0545656 -14.9267 15.9932
9.52125 0.047412 -15.0869 16.3147
9.57278 0.0399875 -15.2487 16.6386
9.62409 0.032287 -15.4123 16.9651
9.67521 0.0243054 -15.5776 17.294
9.72615 0.0160373 -15.7448 17.6255
9.77694 0.00747761 -15.9138 17.9594
9.82759 -0.00137922 -16.0847 18.2959
9.87813 -0.0105386 -16.2576 18.6348
9.92858 -0.0200062 -16.4325 18.9762
9.97895 -0.0297875 -16.6095 19.3201
10.0293 -0.0398882 -16.7885 19.6665
10.0795 -0.0503142 -16.9696 20.0153
10.1297 -0.0610713 -17.153 20.3666
10.18 -0.0721653 -17.3385 20.7204
10.2302 -0.0836022 -17.5263 21.0766
10.2804 -0.095388 -17.7164 21.4352
10.3306 -0.107529 -17.9087 21.7963
10.3809 -0.120031 -18.1035 22.1598
10.4313 -0.1329 -18.3006 22.5257
10.4817 -0.146142 -18.5001 22.894
10.5321 -0.159764 -18.7021 23.2647
10.5826 -0.173772 -18.9066 23.6377
10.6333 -0.188172 -19.1135 24.0131
10.684 -0.202971 -19.323 24.3909
10.7348 -0.218174 -19.535 24.771
10.7858 -0.233788 -19.7497 25.1534
10.8368 -0.249819 -19.9669 25.5381
10.888 -0.266274 -20.1867 25.925
10.9393 -0.283159 -20.4092 26.3143
10.9907 -0.30048 -20.6344 26.7057
11.0423 -0.318243 -20.8622 27.0994
11.094 -0.336455 -21.0927 27.4952
11.1459 -0.355121 -21.3259 27.8932
11.198 -0.374247 -21.5619 28.2934
11.2501 -0.393841 -21.8005 28.6956
11.3025 -0.413906 -22.042 29.1
11.355 -0.43445 -22.2861 29.5063
11.4076 -0.455478 -22.533 29.9147
11.4604 -0.476996 -22.7827 30.3251
11.5134 -0.499009 -23.0351 30.7374
11.5666 -0.521522 -23.2903 31.1516
11.6199 -0.544541 -23.5482 31.5678
11.6733 -0.568071 -23.8089 31.9857
11.727 -0.592117 -24.0723 32.4054
11.7807 -0.616684 -24.3385 32.8269
11.8347 -0.641776 -24.6074 33.2502
11.8887 -0.667397 -24.879 33.675
11.943 -0.693553 -25.1534 34.1015
11.9974 -0.720246 -25.4304 34.5296
12.0519 -0.747482 -25.7101 34.9592
12.1065 -0.775262 -25.9925 35.3903
12.1613 -0.803592 -26.2775 35.8228
12.2162 -0.832473 -26.5651 36.2567
12.2713 -0.861909 -26.8554 36.6919
12.3265 -0.891903 -27.1482 37.1284
12.3817 -0.922456 -27.4435 37.5661
12.4371 -0.953572 -27.7413 38.0049
12.4926 -0.98525 -28.0416 38.4449
12.5482 -1.01749 -28.3444 38.8858
12.6038 -1.0503 -28.6496 39.3278
12.6595 -1.08368 -28.9571 39.7707
12.7154 -1.11762 -29.2669 40.2144
12.7712 -1.15214 -29.5791 40.6589
12.8271 -1.18722 -29.8935 41.1041
12.8831 -1.22286 -30.2101 41.55
12.9391 -1.25907 -30.5288 41.9965
12.9951 -1.29585 -30.8497 42.4435
13.0512 -1.33319 -31.1726 42.8909
13.1073 -1.37109 -31.4974 43.3388
13.1633 -1.40955 -31.8243 43.7869
13.2194 -1.44856 -32.153 44.2353
13.2754 -1.48812 -32.4835 44.6839
13.3314 -1.52824 -32.8158 45.1325
13.3873 -1.56889 -33.1498 45.5812
13.4432 -1.61009 -33.4854 46.0298
13.4991 -1.65182 -33.8226 46.4783
13.5548 -1.69408 -34.1613 46.9266
13.6105 -1.73687 -34.5014 47.3746
13.6661 -1.78017 -34.843 47.8223
13.7216 -1.82399 -35.1858 48.2695
13.777 -1.8683 -35.5298 48.7163
13.8323 -1.91312 -35.8751 49.1625
13.8874 -1.95843 -36.2214 49.608
13.9424 -2.00422 -36.5687 50.0529
13.9972 -2.05048 -36.917 50.4969
14.0519 -2.09721 -37.2662 50.9401
14.1064 -2.1444 -37.6162 51.3824
14.1607 -2.19204 -37.967 51.8236
14.2149 -2.24012 -38.3184 52.2639
14.2688 -2.28863 -38.6705 52.703
14.3226 -2.33757 -39.023 53.1409
14.3761 -2.38691 -39.3761 53.5775
14.4294 -2.43666 -39.7296 54.0128
14.4825 -2.4868 -40.0834 54.4468
14.5354 -2.53733 -40.4375 54.8793
14.588 -2.58823 -40.7918 55.3104
14.6404 -2.63949 -41.1462 55.7399
14.6925 -2.69111 -41.5008 56.1678
14.7444 -2.74307 -41.8554 56.5941
14.796 -2.79537 -42.2099 57.0187
14.8473 -2.84799 -42.5644 57.4415
14.8984 -2.90092 -42.9188 57.8626
14.9492 -2.95416 -43.2729 58.2818
14.9997 -3.00769 -43.6268 58.6991
15.05 -3.0615 -43.9804 59.1146
15.1 -3.11559 -44.3337 59.5281
15.1496 -3.16993 -44.6866 59.9396
15.199 -3.22454 -45.039 60.3492
15.2481 -3.27938 -45.3909 60.7566
15.2969 -3.33446 -45.7423 61.162
15.3454 -3.38976 -46.0931 61.5653
15.3936 -3.44528 -46.4433 61.9664
15.4415 -3.501 -46.7929 62.3654
15.4891 -3.55691 -47.1417 62.7622
15.5364 -3.61301 -47.4898 63.1568
15.5834 -3.66929 -47.8371 63.5492
15.63 -3.72573 -48.1836 63.9393
15.6764 -3.78233 -48.5292 64.3272
15.7225 -3.83908 -48.8739 64.7127
15.7682 -3.89596 -49.2177 65.096
15.8137 -3.95298 -49.5606 65.477
15.8588 -4.01012 -49.9025 65.8556
15.9036 -4.06737 -50.2433 66.2319
15.9481 -4.12473 -50.5831 66.6058
15.9923 -4.18218 -50.9219 66.9774
16.0362 -4.23972 -51.2595 67.3466
16.0797 -4.29734 -51.596 67.7134
16.123 -4.35503 -51.9314 68.0778
16.1659 -4.41278 -52.2655 68.4398
16.2086 -4.47059 -52.5985 68.7995
16.2509 -4.52845 -52.9303 69.1567
16.2929 -4.58635 -53.2608 69.5115
16.3346 -4.64427 -53.59 69.864
16.376 -4.70223 -53.9179 70.214
16.4171 -4.7602 -54.2446 70.5616
16.4579 -4.81818 -54.5699 70.9067
16.4984 -4.87617 -54.8939 71.2495
16.5386 -4.93415 -55.2165 71.5899
16.5785 -4.99212 -55.5377 71.9278
16.618 -5.05008 -55.8575 72.2633
16.6573 -5.10801 -56.176 72.5965
16.6963 -5.16591 -56.493 72.9272
16.735 -5.22377 -56.8085 73.2555
16.7734 -5.2816 -57.1226 73.5814
16.8115 -5.33937 -57.4353 73.905
16.8492 -5.39709 -57.7465 74.2261
16.8867 -5.45475 -58.0562 74.5449
16.924 -5.51235 -58.3644 74.8613
16.9609 -5.56987 -58.6711 75.1753
16.9975 -5.62732 -58.9763 75.487
17.0339 -5.68469 -59.28 75.7964
17.0699 -5.74197 -59.5821 76.1033
17.1057 -5.79915 -59.8828 76.408
17.1412 -5.85624 -60.1818 76.7103
17.1764 -5.91323 -60.4794 77.0103
17.2114 -5.97011 -60.7753 77.308
17.2461 -6.02689 -61.0698 77.6035
17.2805 -6.08354 -61.3626 77.8966
17.3146 -6.14008 -61.6539 78.1875
17.3484 -6.1965 -61.9436 78.476
17.382 -6.25278 -62.2318 78.7624
17.4154 -6.30894 -62.5184 79.0465
17.4484 -6.36496 -62.8034 79.3284
17.4812 -6.42085 -63.0869 79.6081
17.5138 -6.47659 -63.3687 79.8855
17.5461 -6.53219 -63.649 80.1608
17.5781 -6.58764 -63.9278 80.4339
17.6099 -6.64294 -64.2049 80.7048
17.6414 -6.69808 -64.4805 80.9736
17.6727 -6.75307 -64.7546 81.2403
17.7038 -6.8079 -65.027 81.5049
17.7346 -6.86257 -65.2979 81.7673
17.7651 -6.91707 -65.5673 82.0277
17.7955 -6.97141 -65.8351 82.2859
17.8255 -7.02558 -66.1013 82.5422
17.8554 -7.07958 -66.3661 82.7964
17.885 -7.13341 -66.6292 83.0485
17.9144 -7.18706 -66.8909 83.2987
17.9436 -7.24054 -67.151 83.5468
17.9725 -7.29384 -67.4096 83.793
18.0013 -7.34697 -67.6667 84.0372
18.0298 -7.39991 -67.9224 84.2795
18.0581 -7.45268 -68.1765 84.5198
18.0861 -7.50526 -68.4291 84.7583
18.114 -7.55766 -68.6803 84.9948
18.1417 -7.60988 -68.93 85.2295
18.1691 -7.66191 -69.1782 85.4623
18.1964 -7.71377 -69.425 85.6933
18.2235 -7.76543 -69.6704 85.9225
18.2503 -7.81692 -69.9143 86.1498
18.277 -7.86822 -70.1568 86.3754
18.3035 -7.91933 -70.3979 86.5992
18.3297 -7.97026 -70.6377 86.8213
18.3558 -8.02101 -70.8761 87.0416
18.3817 -8.07157 -71.1131 87.2602
18.4075 -8.12195 -71.3487 87.4772
18.433 -8.17215 -71.583 87.6924
18.4584 -8.22216 -71.816 87.906
18.4836 -8.272 -72.0477 88.118
18.5087 -8.32165 -72.2781 88.3284
18.5335 -8.37113 -72.5072 88.5371
18.5582 -8.42042 -72.7351 88.7443
18.5828 -8.46954 -72.9617 88.95
18.6072 -8.51849 -73.187 89.1541
18.6314 -8.56726 -73.4112 89.3566
18.6555 -8.61586 -73.6341 89.5577
18.6794 -8.66429 -73.8559 89.7573
18.7032 -8.71255 -74.0765 89.9555
18.7268 -8.76064 -74.296 90.1522
18.7503 -8.80857 -74.5143 90.3475
18.7737 -8.85634 -74.7315 90.5414
18.7969 -8.90394 -74.9476 90.734
18.82 -8.95139 -75.1627 90.9252
18.843 -8.99869 -75.3767 91.115
18.8658 -9.04583 -75.5896 91.3036
18.8886 -9.09282 -75.8015 91.4908
18.9112 -9.13966 -76.0125 91.6768
18.9336 -9.18636 -76.2225 91.8615
18.956 -9.23292 -76.4315 92.045
18.9783 -9.27935 -76.6396 92.2273
19.0004 -9.32564 -76.8468 92.4084
19.0225 -9.3718 -77.0531 92.5884
19.0445 -9.41783 -77.2585 92.7672
19.0663 -9.46374 -77.4631 92.9449
19.0881 -9.50954 -77.6669 93.1215
19.1098 -9.55521 -77.8699 93.2971
19.1314 -9.60078 -78.0722 93.4716
19.1529 -9.64625 -78.2737 93.645
19.1744 -9.69161 -78.4745 93.8175
19.1958 -9.73688 -78.6747 93.989
19.2171 -9.78206 -78.8742 94.1595
19.2384 -9.82716 -79.073 94.3292
19.2595 -9.87217 -79.2713 94.4979
19.2807 -9.91711 -79.469 94.6657
19.3018 -9.96198 -79.6662 94.8327
19.3228 -10.0068 -79.8629 94.9988
19.3438 -10.0515 -80.0592 95.1642
19.3648 -10.0962 -80.255 95.3287
19.3857 -10.1409 -80.4504 95.4926
19.4066 -10.1855 -80.6454 95.6557
19.4275 -10.2301 -80.8401 95.8181
19.4484 -10.2747 -81.0346 95.9798
19.4693 -10.3193 -81.2287 96.1409
19.4901 -10.3638 -81.4227 96.3014
19.511 -10.4084 -81.6165 96.4613
19.5318 -10.453 -81.8102 96.6207
19.5527 -10.4975 -82.0039 96.7795
19.5736 -10.5422 -82.1975 96.9379
19.5945 -10.5868 -82.3911 97.0958
19.6155 -10.6315 -82.5848 97.2532
19.6365 -10.6763 -82.7786 97.4103
19.6576 -10.7212 -82.9725 97.567
19.6787 -10.7661 -83.1667 97.7234
19.6999 -10.8111 -83.3613 97.8795
19.7211 -10.8563 -83.5561 98.0354
19.7424 -10.9015 -83.7514 98.191
19.7639 -10.9469 -83.9472 98.3464
19.7854 -10.9925 -84.1436 98.5017
19.8071 -11.0382 -84.3407 98.6569
19.8289 -11.0841 -84.5385 98.8121
19.8509 -11.1302 -84.7372 98.9673
19.873 -11.1766 -84.9368 99.1225
19.8954 -11.2232 -85.1374 99.2779
19.9179 -11.27 -85.3391 99.4335
19.9405 -11.3172 -85.5421 99.5892
19.9635 -11.3647 -85.7464 99.7453
19.9866 -11.4125 -85.9521 99.9017
20.01 -11.4607 -86.1594 100.058
