0.174287 0.00548202 -0.220738 0.0322767
0.348257 0.0109049 -0.441261 0.0670642
0.521958 0.0162702 -0.661645 0.104449
0.695433 0.0215795 -0.881959 0.144527
0.868723 0.0268341 -1.10227 0.187405
1.04187 0.032035 -1.32265 0.233198
1.21489 0.0371832 -1.54314 0.282033
1.38782 0.0422792 -1.76381 0.334048
1.56068 0.0473233 -1.9847 0.38939
1.73347 0.0523156 -2.20584 0.448218
1.9062 0.0572557 -2.42726 0.510698
2.07885 0.0621428 -2.64897 0.577009
2.2514 0.0669758 -2.87099 0.647338
2.42382 0.0717531 -3.09329 0.721877
2.59605 0.0764724 -3.31584 0.800826
2.76803 0.0811311 -3.53861 0.884387
2.93966 0.0857258 -3.7615 0.972762
3.11084 0.0902527 -3.98443 1.06615
3.28143 0.094707 -4.20729 1.16475
3.45129 0.0990835 -4.42991 1.26873
3.62025 0.103376 -4.65213 1.37825
3.78809 0.107579 -4.87375 1.49347
3.95463 0.111685 -5.09454 1.61448
4.11961 0.115686 -5.31426 1.74137
4.28281 0.119575 -5.53264 1.87419
4.44397 0.123344 -5.74941 2.01293
4.60284 0.126985 -5.9643 2.15756
4.7592 0.130491 -6.17704 2.30802
4.9128 0.133855 -6.38736 2.46419
5.06344 0.137071 -6.59503 2.62595
5.21094 0.140131 -6.79983 2.79313
5.35515 0.143033 -7.0016 2.96555
5.49594 0.14577 -7.20019 3.14302
5.63322 0.14834 -7.3955 3.32534
5.76694 0.150741 -7.58748 3.51232
5.89707 0.15297 -7.77608 3.70377
6.02361 0.155026 -7.96134 3.8995
6.14661 0.156908 -8.14329 4.09933
6.2661 0.158617 -8.322 4.3031
6.38215 0.160151 -8.49757 4.51067
6.49486 0.161512 -8.67013 4.7219
6.60432 0.162699 -8.83979 4.93666
6.71064 0.163713 -9.00671 5.15485
6.81393 0.164554 -9.17103 5.37638
6.9143 0.165223 -9.33292 5.60116
7.01188 0.165719 -9.49254 5.8291
7.10678 0.166043 -9.65006 6.06016
7.19913 0.166195 -9.80564 6.29427
7.28905 0.166175 -9.95944 6.53138
7.37663 0.165982 -10.1116 6.77145
7.46201 0.165615 -10.2624 7.01445
7.54529 0.165073 -10.4118 7.26034
7.62657 0.164357 -10.5601 7.5091
7.70595 0.163463 -10.7074 7.76071
7.78354 0.162391 -10.8538 8.01514
7.85942 0.161139 -10.9995 8.2724
7.93369 0.159706 -11.1447 8.53246
8.00643 0.158088 -11.2894 8.79531
8.07773 0.156285 -11.4337 9.06096
8.14766 0.154293 -11.5779 9.32939
8.2163 0.15211 -11.722 9.6006
8.28373 0.149732 -11.8661 9.8746
8.35 0.147158 -12.0104 10.1514
8.41519 0.144383 -12.155 10.4309
8.47936 0.141405 -12.2999 10.7133
8.54256 0.13822 -12.4452 10.9984
8.60487 0.134824 -12.5912 11.2863
8.66632 0.131213 -12.7377 11.5771
8.72699 0.127383 -12.8851 11.8706
8.7869 0.123331 -13.0333 12.1669
8.84612 0.119052 -13.1824 12.4661
8.90469 0.114541 -13.3325 12.7681
8.96265 0.109793 -13.4838 13.0729
9.02005 0.104805 -13.6362 13.3806
9.07693 0.0995706 -13.7899 13.6911
9.13332 0.0940851 -13.945 14.0045
9.18927 0.0883433 -14.1014 14.3207
9.24481 0.0823397 -14.2594 14.6398
9.29997 0.076069 -14.419 14.9618
9.35478 0.0695252 -14.5801 15.2867
9.40929 0.0627028 -14.743 15.6145
9.46351 0.0555956 -14.9077 15.9452
9.51749 0.0481976 -15.0742 16.2788
9.57124 0.0405025 -15.2427 16.6153
9.62479 0.032504 -15.4131 16.9547
9.67818 0.0241955 -15.5856 17.2971
9.73142 0.0155704 -15.7602 17.6425
9.78453 0.0066218 -15.9369 17.9907
9.83755 -0.00265715 -16.1159 18.342
9.8905 -0.0122735 -16.2972 18.6962
9.94339 -0.0222345 -16.4808 19.0533
9.99624 -0.0325474 -16.6668 19.4135
10.0491 -0.0432197 -16.8553 19.7766
10.1019 -0.0542589 -17.0463 20.1427
10.1548 -0.0656727 -17.2398 20.5117
10.2077 -0.0774689 -17.436 20.8837
10.2607 -0.0896553 -17.6348 21.2588
10.3137 -0.10224 -17.8364 21.6367
10.3668 -0.115231 -18.0407 22.0177
10.42 -0.128636 -18.2478 22.4016
10.4734 -0.142465 -18.4578 22.7885
10.5268 -0.156724 -18.6707 23.1783
10.5804 -0.171423 -18.8866 23.5711
10.6341 -0.18657 -19.1054 23.9669
10.6881 -0.202173 -19.3272 24.3655
10.7421 -0.218242 -19.5521 24.7671
10.7964 -0.234784 -19.7801 25.1716
10.8508 -0.251808 -20.0113 25.579
10.9055 -0.269323 -20.2455 25.9892
10.9603 -0.287338 -20.483 26.4024
11.0153 -0.30586 -20.7237 26.8183
11.0706 -0.3249 -20.9677 27.2371
11.1261 -0.344464 -21.2149 27.6586
11.1818 -0.364563 -21.4655 28.0829
11.2377 -0.385203 -21.7193 28.5099
11.2939 -0.406393 -21.9765 28.9396
11.3503 -0.428142 -22.237 29.372
11.407 -0.450458 -22.5009 29.807
11.4638 -0.473348 -22.7681 30.2446
11.5209 -0.496821 -23.0387 30.6847
11.5783 -0.520883 -23.3127 31.1273
11.6359 -0.545542 -23.5901 31.5724
11.6937 -0.570805 -23.8708 32.0199
11.7517 -0.596679 -24.1549 32.4697
11.81 -0.62317 -24.4424 32.9218
11.8685 -0.650286 -24.7332 33.3762
11.9272 -0.678031 -25.0273 33.8327
11.9861 -0.706411 -25.3247 34.2913
12.0452 -0.735431 -25.6255 34.752
12.1045 -0.765097 -25.9294 35.2146
12.164 -0.795412 -26.2366 35.6791
12.2237 -0.826381 -26.547 36.1455
12.2835 -0.858007 -26.8606 36.6135
12.3436 -0.890292 -27.1772 37.0833
12.4037 -0.92324 -27.4969 37.5546
12.464 -0.956853 -27.8196 38.0274
12.5245 -0.991131 -28.1453 38.5016
12.585 -1.02608 -28.4739 38.9771
12.6457 -1.06169 -28.8054 39.4538
12.7064 -1.09797 -29.1396 39.9317
12.7672 -1.13491 -29.4765 40.4105
12.8281 -1.17252 -29.816 40.8903
12.889 -1.21079 -30.1582 41.3708
12.95 -1.24971 -30.5028 41.8521
13.011 -1.2893 -30.8498 42.334
13.0719 -1.32953 -31.1991 42.8164
13.1329 -1.37042 -31.5507 43.2992
13.1938 -1.41194 -31.9044 43.7822
13.2547 -1.4541 -32.2602 44.2655
13.3156 -1.49689 -32.6179 44.7488
13.3763 -1.5403 -32.9775 45.232
13.437 -1.58432 -33.3389 45.7151
13.4975 -1.62895 -33.7019 46.1979
13.5579 -1.67418 -34.0666 46.6803
13.6182 -1.71999 -34.4327 47.1622
13.6784 -1.76638 -34.8001 47.6435
13.7383 -1.81334 -35.1688 48.1241
13.7981 -1.86086 -35.5387 48.6039
13.8576 -1.90891 -35.9097 49.0828
13.917 -1.9575 -36.2816 49.5607
13.9761 -2.00661 -36.6543 50.0374
14.035 -2.05623 -37.0279 50.5129
14.0936 -2.10634 -37.4021 50.987
14.152 -2.15693 -37.7768 51.4597
14.21 -2.20799 -38.152 51.9309
14.2678 -2.2595 -38.5275 52.4005
14.3253 -2.31146 -38.9033 52.8684
14.3825 -2.36384 -39.2793 53.3345
14.4393 -2.41663 -39.6554 53.7988
14.4958 -2.46982 -40.0315 54.2611
14.552 -2.52339 -40.4074 54.7213
14.6078 -2.57733 -40.7832 55.1795
14.6633 -2.63162 -41.1587 55.6355
14.7184 -2.68625 -41.5338 56.0892
14.7732 -2.74121 -41.9086 56.5406
14.8275 -2.79647 -42.2828 56.9897
14.8815 -2.85203 -42.6564 57.4363
14.9351 -2.90788 -43.0294 57.8805
14.9883 -2.96399 -43.4017 58.3221
15.0411 -3.02035 -43.7732 58.7611
15.0935 -3.07696 -44.1439 59.1975
15.1456 -3.13379 -44.5136 59.6313
15.1972 -3.19083 -44.8824 60.0623
15.2484 -3.24808 -45.2502 60.4906
15.2992 -3.30551 -45.617 60.9161
15.3497 -3.36311 -45.9826 61.3388
15.3997 -3.42088 -46.347 61.7587
15.4493 -3.4788 -46.7102 62.1757
15.4985 -3.53685 -47.0722 62.5898
15.5473 -3.59504 -47.433 63.001
15.5957 -3.65333 -47.7923 63.4093
15.6437 -3.71174 -48.1504 63.8147
15.6913 -3.77023 -48.507 64.2171
15.7385 -3.82881 -48.8622 64.6166
15.7853 -3.88746 -49.216 65.0131
15.8317 -3.94618 -49.5683 65.4067
15.8777 -4.00495 -49.9191 65.7973
15.9233 -4.06377 -50.2684 66.1849
15.9685 -4.12262 -50.6161 66.5696
16.0134 -4.1815 -50.9623 66.9513
16.0579 -4.2404 -51.3069 67.33
16.102 -4.29931 -51.65 67.7058
16.1457 -4.35823 -51.9914 68.0787
16.189 -4.41714 -52.3312 68.4486
16.232 -4.47604 -52.6693 68.8155
16.2746 -4.53492 -53.0059 69.1796
16.3169 -4.59378 -53.3407 69.5408
16.3588 -4.6526 -53.674 69.8991
16.4003 -4.71139 -54.0055 70.2545
16.4415 -4.77014 -54.3354 70.607
16.4824 -4.82883 -54.6637 70.9567
16.5229 -4.88748 -54.9902 71.3036
16.563 -4.94606 -55.3151 71.6477
16.6029 -5.00458 -55.6383 71.989
16.6424 -5.06303 -55.9598 72.3275
16.6815 -5.1214 -56.2797 72.6633
16.7204 -5.17969 -56.5979 72.9963
16.7589 -5.2379 -56.9143 73.3266
16.7971 -5.29603 -57.2292 73.6543
16.835 -5.35406 -57.5423 73.9792
16.8726 -5.412 -57.8538 74.3015
16.9099 -5.46983 -58.1636 74.6212
16.9469 -5.52757 -58.4717 74.9383
16.9836 -5.5852 -58.7782 75.2529
17.0199 -5.64272 -59.083 75.5648
17.056 -5.70013 -59.3862 75.8742
17.0918 -5.75742 -59.6877 76.1811
17.1274 -5.81459 -59.9876 76.4856
17.1626 -5.87164 -60.2858 76.7875
17.1975 -5.92857 -60.5824 77.087
17.2322 -5.98537 -60.8774 77.3841
17.2666 -6.04204 -61.1707 77.6788
17.3008 -6.09858 -61.4625 77.9711
17.3346 -6.15499 -61.7526 78.261
17.3682 -6.21126 -62.0412 78.5486
17.4016 -6.26739 -62.3281 78.8339
17.4346 -6.32339 -62.6135 79.1169
17.4675 -6.37924 -62.8972 79.3976
17.5 -6.43494 -63.1794 79.6761
17.5324 -6.4905 -63.4601 79.9524
17.5644 -6.54591 -63.7391 80.2264
17.5963 -6.60117 -64.0166 80.4983
17.6279 -6.65628 -64.2926 80.768
17.6592 -6.71124 -64.567 81.0355
17.6903 -6.76604 -64.8399 81.301
17.7212 -6.82068 -65.1112 81.5643
17.7518 -6.87516 -65.3811 81.8255
17.7822 -6.92949 -65.6494 82.0847
17.8124 -6.98365 -65.9162 82.3418
17.8424 -7.03765 -66.1815 82.5969
17.8721 -7.09149 -66.4452 82.85
17.9016 -7.14516 -66.7075 83.1011
17.9309 -7.19867 -66.9684 83.3503
17.9599 -7.252 -67.2277 83.5974
17.9888 -7.30517 -67.4855 83.8427
18.0174 -7.35816 -67.7419 84.086
18.0458 -7.41099 -67.9969 84.3274
18.074 -7.46364 -68.2503 84.567
18.102 -7.51611 -68.5023 84.8046
18.1298 -7.56841 -68.7529 85.0404
18.1574 -7.62053 -69.002 85.2744
18.1848 -7.67247 -69.2497 85.5066
18.212 -7.72423 -69.4959 85.7369
18.2389 -7.77581 -69.7407 85.9655
18.2657 -7.8272 -69.9841 86.1923
18.2923 -7.87842 -70.2261 86.4173
18.3187 -7.92944 -70.4666 86.6405
18.3448 -7.98028 -70.7058 86.8621
18.3708 -8.03093 -70.9435 87.0819
18.3966 -8.08139 -71.1798 87.3
18.4222 -8.13166 -71.4147 87.5164
18.4476 -8.18174 -71.6482 87.7311
18.4728 -8.23163 -71.8803 87.9442
