0.17533 0.00551479 -0.222058 0.0324996
0.350434 0.0109727 -0.444022 0.0675639
0.525272 0.0163725 -0.665852 0.105262
0.699798 0.021713 -0.887508 0.145667
0.873964 0.0269929 -1.10894 0.188855
1.04772 0.0322106 -1.3301 0.234908
1.221 0.0373647 -1.55094 0.283909
1.39375 0.0424535 -1.77138 0.335946
1.5659 0.0474751 -1.99137 0.391106
1.73737 0.0524276 -2.21083 0.449481
1.90809 0.0573089 -2.42968 0.511163
2.07797 0.0621169 -2.64784 0.576243
2.24693 0.066849 -2.86521 0.644813
2.41486 0.0715029 -3.08169 0.716963
2.58167 0.0760759 -3.29718 0.79278
2.74724 0.0805653 -3.51158 0.87235
2.91148 0.0849682 -3.72476 0.95575
3.07427 0.0892817 -3.93661 1.04305
3.23549 0.0935027 -4.14701 1.13432
3.39501 0.097628 -4.35581 1.22961
3.5527 0.101654 -4.56288 1.32895
3.7084 0.105577 -4.76804 1.43235
3.86198 0.109392 -4.97112 1.53979
4.01325 0.113097 -5.17193 1.65124
4.16209 0.116687 -5.37033 1.76665
4.3084 0.120159 -5.56619 1.88603
4.45213 0.123514 -5.7595 2.00939
4.59327 0.12675 -5.95025 2.13676
4.7318 0.129866 -6.13846 2.26817
4.86774 0.132862 -6.32417 2.40364
5.00107 0.135737 -6.50736 2.54316
5.13178 0.13849 -6.68807 2.68671
5.25987 0.141119 -6.86629 2.83427
5.38531 0.143624 -7.04204 2.9858
5.50812 0.146004 -7.21533 3.14126
5.62828 0.148256 -7.38618 3.30058
5.74582 0.150381 -7.55462 3.46372
5.86075 0.152376 -7.72068 3.63061
5.97307 0.154242 -7.88441 3.80118
6.08283 0.155976 -8.04585 3.97536
6.19005 0.157579 -8.20505 4.15308
6.29477 0.159049 -8.36208 4.33425
6.39702 0.160386 -8.517 4.51881
6.49687 0.161589 -8.66988 4.70667
6.59435 0.162657 -8.82079 4.89776
6.68952 0.163589 -8.96982 5.09199
6.78244 0.164385 -9.11704 5.2893
6.87317 0.165045 -9.26254 5.48961
6.96176 0.165567 -9.40641 5.69286
7.04829 0.165952 -9.54875 5.89896
7.13281 0.166198 -9.68963 6.10787
7.2154 0.166304 -9.82916 6.31952
7.29611 0.16627 -9.96742 6.53384
7.37502 0.166096 -10.1045 6.75079
7.45219 0.165779 -10.2405 6.97031
7.52768 0.16532 -10.3756 7.19236
7.60156 0.164717 -10.5097 7.41688
7.67389 0.16397 -10.643 7.64383
7.74473 0.163077 -10.7757 7.87318
7.81415 0.162037 -10.9077 8.10487
7.8822 0.160849 -11.0391 8.33888
7.94894 0.159512 -11.1701 8.57517
8.01443 0.158023 -11.3007 8.81371
8.07872 0.156383 -11.431 9.05445
8.14186 0.154588 -11.5611 9.29738
8.20391 0.152639 -11.6911 9.54247
8.2649 0.150532 -11.821 9.78967
8.3249 0.148267 -11.9508 10.039
8.38394 0.145842 -12.0807 10.2904
8.44207 0.143255 -12.2108 10.5438
8.49933 0.140503 -12.341 10.7992
8.55575 0.137586 -12.4715 11.0566
8.61139 0.134501 -12.6023 11.316
8.66628 0.131247 -12.7335 11.5774
8.72044 0.12782 -12.8651 11.8406
8.77393 0.124221 -12.9971 12.1058
8.82676 0.120445 -13.1297 12.3728
8.87897 0.116491 -13.2629 12.6417
8.93059 0.112358 -13.3966 12.9124
8.98165 0.108043 -13.531 13.1849
9.03218 0.103543 -13.6662 13.4591
9.0822 0.0988577 -13.802 13.7351
9.13174 0.0939837 -13.9386 14.0129
9.18083 0.0889191 -14.0761 14.2923
9.22947 0.0836619 -14.2144 14.5734
9.2777 0.07821 -14.3536 14.8561
9.32554 0.0725612 -14.4937 15.1405
9.37301 0.0667135 -14.6347 15.4264
9.42012 0.0606647 -14.7767 15.7139
9.4669 0.0544128 -14.9197 16.0029
9.51336 0.0479557 -15.0637 16.2934
9.55951 0.0412915 -15.2087 16.5854
9.60538 0.034418 -15.3548 16.8788
9.65098 0.0273335 -15.502 17.1737
9.69631 0.0200358 -15.6503 17.4699
9.74141 0.0125231 -15.7996 17.7675
9.78627 0.00479353 -15.9502 18.0664
9.83091 -0.00315479 -16.1018 18.3666
9.87534 -0.0113237 -16.2546 18.6681
9.91957 -0.0197149 -16.4086 18.9708
9.96361 -0.0283303 -16.5638 19.2747
10.0075 -0.0371715 -16.7201 19.5798
10.0512 -0.0462402 -16.8777 19.8861
10.0947 -0.055538 -17.0364 20.1934
10.1381 -0.0650667 -17.1964 20.5018
10.1813 -0.0748277 -17.3576 20.8113
10.2244 -0.0848227 -17.52 21.1219
10.2674 -0.095053 -17.6836 21.4334
10.3103 -0.10552 -17.8485 21.7459
10.353 -0.116226 -18.0146 22.0593
10.3957 -0.127171 -18.1819 22.3737
10.4382 -0.138358 -18.3505 22.6889
10.4806 -0.149787 -18.5203 23.005
10.5229 -0.16146 -18.6913 23.3219
10.5652 -0.173378 -18.8636 23.6397
10.6074 -0.185542 -19.0372 23.9582
10.6494 -0.197954 -19.2119 24.2775
10.6914 -0.210614 -19.3879 24.5975
10.7334 -0.223525 -19.5652 24.9182
10.7752 -0.236686 -19.7437 25.2397
10.817 -0.250099 -19.9234 25.5617
10.8588 -0.263766 -20.1043 25.8844
10.9005 -0.277686 -20.2865 26.2077
10.9421 -0.291862 -20.4698 26.5316
10.9837 -0.306294 -20.6544 26.8561
11.0252 -0.320983 -20.8402 27.1811
11.0667 -0.33593 -21.0272 27.5066
11.1081 -0.351136 -21.2154 27.8327
11.1495 -0.366602 -21.4048 28.1592
11.1908 -0.382328 -21.5954 28.4862
11.2321 -0.398316 -21.7872 28.8136
11.2734 -0.414567 -21.9802 29.1415
11.3146 -0.43108 -22.1743 29.4697
11.3558 -0.447858 -22.3696 29.7984
11.3969 -0.4649 -22.5661 30.1274
11.4381 -0.482208 -22.7637 30.4568
11.4792 -0.499783 -22.9625 30.7865
11.5202 -0.517625 -23.1625 31.1165
11.5613 -0.535734 -23.3636 31.4469
11.6023 -0.554112 -23.5658 31.7775
11.6432 -0.57276 -23.7691 32.1084
11.6842 -0.591677 -23.9736 32.4396
11.7251 -0.610865 -24.1792 32.771
11.766 -0.630323 -24.3859 33.1027
11.8069 -0.650054 -24.5937 33.4346
11.8478 -0.670056 -24.8026 33.7667
11.8886 -0.69033 -25.0126 34.0989
11.9294 -0.710876 -25.2237 34.4313
11.9702 -0.731694 -25.4358 34.7639
12.0109 -0.752784 -25.6489 35.0966
12.0516 -0.774145 -25.8631 35.4293
12.0923 -0.795776 -26.0782 35.7622
12.1329 -0.817675 -26.2943 36.095
12.1735 -0.839841 -26.5113 36.4278
12.214 -0.86227 -26.7292 36.7606
12.2545 -0.884961 -26.948 37.0932
12.2948 -0.907908 -27.1675 37.4257
12.3351 -0.931106 -27.3877 37.7579
12.3753 -0.95455 -27.6086 38.0898
12.4154 -0.978232 -27.83 38.4212
12.4553 -1.00214 -28.0519 38.7522
12.495 -1.02627 -28.2741 39.0824
12.5346 -1.05061 -28.4965 39.4119
12.574 -1.07515 -28.7191 39.7405
12.6131 -1.09986 -28.9415 40.068
12.6519 -1.12474 -29.1638 40.3942
12.6905 -1.14977 -29.3857 40.719
12.7287 -1.17493 -29.6071 41.0423
12.7666 -1.2002 -29.8278 41.3638
12.8041 -1.22557 -30.0478 41.6834
12.8412 -1.25102 -30.2668 42.0009
12.878 -1.27654 -30.4849 42.3161
12.9143 -1.30211 -30.7018 42.6291
12.9502 -1.3277 -30.9175 42.9395
12.9857 -1.35331 -31.1318 43.2473
13.0207 -1.37892 -31.3445 43.5524
13.0552 -1.40449 -31.5555 43.8544
13.0891 -1.43 -31.7645 44.1533
13.1225 -1.45544 -31.9713 44.4488
13.1552 -1.48076 -32.1758 44.7407
13.1873 -1.50596 -32.3778 45.0289
13.2188 -1.531 -32.5773 45.3132
13.2497 -1.55588 -32.7742 45.5934
13.2801 -1.58059 -32.9686 45.8697
13.3098 -1.60511 -33.1604 46.1418
13.3391 -1.62944 -33.3498 46.4099
13.3678 -1.65359 -33.5367 46.6739
13.396 -1.67754 -33.7212 46.934
13.4238 -1.7013 -33.9033 47.1901
13.4512 -1.72487 -34.0833 47.4424
13.4781 -1.74826 -34.2611 47.691
13.5046 -1.77146 -34.4368 47.936
13.5307 -1.79449 -34.6105 48.1775
13.5565 -1.81736 -34.7823 48.4156
13.582 -1.84006 -34.9523 48.6505
13.6071 -1.86261 -35.1206 48.8823
13.632 -1.88502 -35.2873 49.111
13.6566 -1.90729 -35.4525 49.337
13.681 -1.92945 -35.6163 49.5602
13.7051 -1.95149 -35.7789 49.7809
13.7291 -1.97344 -35.9405 49.9993
13.753 -1.99531 -36.1011 50.2155
13.7767 -2.01713 -36.2609 50.4296
13.8004 -2.03891 -36.4204 50.6421
13.8241 -2.06069 -36.5797 50.853
13.848 -2.08252 -36.7395 51.0628
13.8722 -2.10448 -36.9007 51.2721
13.8973 -2.12673 -37.0653 51.4817
13.9244 -2.14963 -37.2386 51.6935
13.9581 -2.1745 -37.4414 51.9127
14.0144 -2.20568 -37.7414 52.1569
14.0942 -2.24506 -38.117 52.4571
14.1807 -2.29084 -38.5243 52.8153
14.2669 -2.34167 -38.9571 53.2187
14.3542 -2.39708 -39.4144 53.6611
14.4433 -2.45683 -39.8953 54.1376
14.5347 -2.52074 -40.3995 54.6449
14.6287 -2.58873 -40.9268 55.18
14.7254 -2.66077 -41.4773 55.7409
14.825 -2.73688 -42.0513 56.3258
14.9279 -2.81711 -42.6492 56.9336
15.0342 -2.90158 -43.2718 57.5633
15.1442 -2.99041 -43.9199 58.2142
