0.174343 0.00548376 -0.220808 0.0322886
0.348374 0.0109085 -0.441409 0.067091
0.522138 0.0162757 -0.661873 0.104493
0.695672 0.0215868 -0.882264 0.14459
0.869013 0.0268428 -1.10264 0.187485
1.04219 0.0320447 -1.32306 0.233292
1.21522 0.0371931 -1.54357 0.282136
1.38814 0.0422884 -1.76421 0.334148
1.56093 0.0473307 -1.98502 0.389471
1.73361 0.0523196 -2.20602 0.448256
1.90616 0.0572546 -2.42721 0.510661
2.07856 0.0621345 -2.6486 0.576854
2.25077 0.0669579 -2.87017 0.647006
2.42273 0.0717227 -3.09188 0.721295
2.59438 0.0764265 -3.31368 0.799899
2.76563 0.081066 -3.53549 0.882997
2.93638 0.0856378 -3.75723 0.970765
3.1065 0.0901375 -3.97876 1.06337
3.27583 0.0945604 -4.19994 1.16097
3.44423 0.0989011 -4.4206 1.26371
3.6115 0.103154 -4.64056 1.37171
3.77745 0.107312 -4.85961 1.48508
3.94186 0.11137 -5.0775 1.60388
4.10451 0.11532 -5.29401 1.72816
4.26518 0.119155 -5.50888 1.85795
4.42364 0.12287 -5.72186 1.99321
4.57967 0.126456 -5.9327 2.13391
4.73307 0.129908 -6.14118 2.27996
4.88364 0.133221 -6.34707 2.43127
5.03122 0.136388 -6.55019 2.5877
5.17565 0.139406 -6.75036 2.74913
5.31683 0.14227 -6.94746 2.91539
5.45467 0.144978 -7.14139 3.08634
5.5891 0.147527 -7.33208 3.26179
5.72009 0.149915 -7.5195 3.4416
5.84764 0.152141 -7.70366 3.6256
5.97176 0.154203 -7.88458 3.81365
6.09248 0.156102 -8.06232 4.00559
6.20986 0.157838 -8.23695 4.2013
6.32398 0.159409 -8.40856 4.40063
6.4349 0.160818 -8.57728 4.60349
6.54273 0.162063 -8.74322 4.80977
6.64755 0.163145 -8.90652 5.01935
6.74947 0.164065 -9.06732 5.23217
6.8486 0.164822 -9.22576 5.44814
6.94504 0.165418 -9.38198 5.66718
7.0389 0.165851 -9.53615 5.88924
7.13029 0.166123 -9.6884 6.11425
7.21931 0.166232 -9.83889 6.34217
7.30608 0.166179 -9.98776 6.57295
7.39069 0.165963 -10.1352 6.80655
7.47324 0.165583 -10.2812 7.04294
7.55383 0.165038 -10.4261 7.28207
7.63255 0.164328 -10.5699 7.52394
7.7095 0.163451 -10.7128 7.7685
7.78475 0.162405 -10.8549 8.01576
7.85841 0.16119 -10.9964 8.26568
7.93054 0.159803 -11.1373 8.51827
8.00124 0.158243 -11.2777 8.77351
8.07056 0.156507 -11.4179 9.0314
8.13859 0.154593 -11.5579 9.29194
8.2054 0.152499 -11.6978 9.55512
8.27105 0.150223 -11.8377 9.82092
8.33559 0.14776 -11.9777 10.0893
8.39909 0.14511 -12.1179 10.3603
8.4616 0.14227 -12.2584 10.6339
8.52317 0.139235 -12.3993 10.91
8.58386 0.136004 -12.5406 11.1887
8.6437 0.132574 -12.6825 11.4699
8.70275 0.12894 -12.8249 11.7537
8.76105 0.1251 -12.9681 12.0399
8.81864 0.121052 -13.112 12.3286
8.87556 0.11679 -13.2567 12.6198
8.93184 0.112313 -13.4023 12.9134
8.98753 0.107615 -13.5489 13.2094
9.04268 0.102693 -13.6965 13.508
9.09732 0.0975416 -13.8453 13.8091
9.15149 0.0921575 -13.9952 14.1126
9.20522 0.0865359 -14.1464 14.4187
9.25855 0.0806725 -14.2989 14.7273
9.31151 0.0745626 -14.4528 15.0384
9.36411 0.0682016 -14.6082 15.352
9.4164 0.061585 -14.765 15.6681
9.4684 0.0547079 -14.9234 15.9868
9.52013 0.0475654 -15.0834 16.3079
9.57162 0.0401527 -15.2451 16.6315
9.62289 0.0324646 -15.4085 16.9577
9.67396 0.024496 -15.5736 17.2863
9.72486 0.0162418 -15.7406 17.6174
9.77561 0.00769659 -15.9094 17.951
9.82622 -0.00114494 -16.0801 18.2871
9.87672 -0.0102883 -16.2528 18.6257
9.92712 -0.0197389 -16.4275 18.9667
9.97744 -0.0295024 -16.6042 19.3102
10.0277 -0.0395846 -16.783 19.6562
10.0779 -0.049991 -16.9639 20.0047
10.1281 -0.0607276 -17.147 20.3556
10.1783 -0.0718002 -17.3323 20.7089
10.2284 -0.0832146 -17.5198 21.0647
10.2786 -0.094977 -17.7096 21.4229
10.3288 -0.107093 -17.9017 21.7835
10.379 -0.11957 -18.0961 22.1466
10.4293 -0.132412 -18.2929 22.512
10.4796 -0.145626 -18.4922 22.8799
10.53 -0.15922 -18.6938 23.2501
10.5805 -0.173197 -18.898 23.6226
10.631 -0.187566 -19.1046 23.9976
10.6817 -0.202331 -19.3137 24.3748
10.7325 -0.2175 -19.5254 24.7544
10.7833 -0.233079 -19.7397 25.1363
10.8343 -0.249074 -19.9565 25.5205
10.8854 -0.26549 -20.176 25.9069
10.9367 -0.282336 -20.3981 26.2956
10.988 -0.299615 -20.6228 26.6865
11.0395 -0.317336 -20.8502 27.0796
11.0912 -0.335503 -21.0803 27.4749
11.143 -0.354123 -21.3131 27.8723
11.1949 -0.373203 -21.5486 28.2719
11.2471 -0.392747 -21.7869 28.6735
11.2993 -0.412762 -22.0278 29.0773
11.3517 -0.433253 -22.2715 29.483
11.4043 -0.454227 -22.5179 29.8908
11.457 -0.475689 -22.7671 30.3006
11.5099 -0.497644 -23.019 30.7123
11.563 -0.520098 -23.2737 31.1259
11.6162 -0.543056 -23.5311 31.5414
11.6696 -0.566523 -23.7913 31.9587
11.7231 -0.590504 -24.0542 32.3778
11.7768 -0.615004 -24.3198 32.7986
11.8307 -0.640026 -24.5881 33.2212
11.8846 -0.665577 -24.8592 33.6454
11.9388 -0.69166 -25.133 34.0712
11.9931 -0.718279 -25.4094 34.4986
12.0475 -0.745437 -25.6885 34.9275
12.1021 -0.773139 -25.9703 35.3579
12.1568 -0.801388 -26.2547 35.7898
12.2116 -0.830186 -26.5417 36.223
12.2665 -0.859537 -26.8313 36.6575
12.3216 -0.889444 -27.1235 37.0932
12.3768 -0.919908 -27.4181 37.5302
12.4321 -0.950932 -27.7153 37.9684
12.4874 -0.982517 -28.015 38.4076
12.5429 -1.01467 -28.3171 38.8479
12.5985 -1.04738 -28.6215 39.2891
12.6541 -1.08066 -28.9284 39.7313
12.7098 -1.1145 -29.2376 40.1743
12.7656 -1.14891 -29.549 40.6181
12.8214 -1.18388 -29.8627 41.0626
12.8773 -1.21942 -30.1786 41.5077
12.9332 -1.25552 -30.4966 41.9535
12.9891 -1.29219 -30.8168 42.3998
13.0451 -1.32941 -31.1389 42.8465
13.101 -1.3672 -31.4631 43.2937
13.157 -1.40554 -31.7892 43.7411
13.2129 -1.44443 -32.1172 44.1888
13.2689 -1.48388 -32.447 44.6367
13.3248 -1.52387 -32.7786 45.0846
13.3806 -1.56441 -33.1118 45.5326
13.4365 -1.60548 -33.4467 45.9806
13.4922 -1.64709 -33.7832 46.4284
13.5479 -1.68922 -34.1212 46.876
13.6035 -1.73188 -34.4607 47.3234
13.659 -1.77506 -34.8015 47.7705
13.7144 -1.81874 -35.1436 48.2171
13.7697 -1.86293 -35.487 48.6632
13.8249 -1.90762 -35.8315 49.1088
13.88 -1.9528 -36.1771 49.5538
13.9349 -1.99846 -36.5238 49.998
13.9896 -2.04459 -36.8714 50.4415
14.0442 -2.09119 -37.22 50.8841
14.0987 -2.13825 -37.5693 51.3258
14.1529 -2.18576 -37.9194 51.7666
14.207 -2.2337 -38.2702 52.2063
14.2609 -2.28208 -38.6216 52.6448
14.3146 -2.33088 -38.9736 53.0822
14.3681 -2.3801 -39.326 53.5184
14.4213 -2.42972 -39.6789 53.9533
14.4744 -2.47973 -40.0321 54.3868
14.5272 -2.53012 -40.3856 54.8188
14.5797 -2.58089 -40.7393 55.2495
14.6321 -2.63203 -41.0932 55.6785
14.6841 -2.68352 -41.4472 56.106
14.736 -2.73535 -41.8012 56.5319
14.7875 -2.78751 -42.1553 56.9561
14.8389 -2.84001 -42.5092 57.3786
14.8899 -2.89281 -42.863 57.7993
14.9407 -2.94592 -43.2167 58.2182
14.9912 -2.99932 -43.5701 58.6352
15.0414 -3.05301 -43.9232 59.0503
15.0913 -3.10697 -44.276 59.4635
15.1409 -3.1612 -44.6284 59.8747
15.1903 -3.21567 -44.9803 60.284
15.2394 -3.2704 -45.3318 60.6912
15.2881 -3.32536 -45.6827 61.0963
15.3366 -3.38054 -46.0331 61.4993
15.3848 -3.43593 -46.3829 61.9002
15.4326 -3.49154 -46.732 62.299
15.4802 -3.54734 -47.0804 62.6956
15.5275 -3.60332 -47.4281 63.09
15.5744 -3.65948 -47.775 63.4821
15.6211 -3.71581 -48.1211 63.8721
15.6675 -3.7723 -48.4664 64.2597
15.7135 -3.82894 -48.8108 64.6451
15.7592 -3.88572 -49.1542 65.0282
15.8047 -3.94263 -49.4968 65.4091
15.8498 -3.99966 -49.8383 65.7875
15.8946 -4.05681 -50.1789 66.1637
15.9391 -4.11406 -50.5184 66.5375
15.9833 -4.17141 -50.8568 66.909
16.0271 -4.22885 -51.1942 67.2781
16.0707 -4.28637 -51.5304 67.6448
16.1139 -4.34397 -51.8655 68.0092
16.1569 -4.40163 -52.1994 68.3712
16.1995 -4.45934 -52.5322 68.7308
16.2419 -4.51711 -52.8637 69.0879
16.2839 -4.57491 -53.194 69.4427
16.3256 -4.63275 -53.523 69.7951
16.367 -4.69062 -53.8507 70.1451
16.4081 -4.74851 -54.1772 70.4927
16.4489 -4.80641 -54.5023 70.8379
16.4894 -4.86432 -54.8261 71.1807
16.5296 -4.92222 -55.1486 71.5211
16.5695 -4.98011 -55.4697 71.859
16.6091 -5.038 -55.7894 72.1946
16.6484 -5.09585 -56.1077 72.5278
16.6873 -5.15369 -56.4246 72.8586
16.726 -5.21148 -56.74 73.1869
16.7644 -5.26924 -57.0541 73.5129
16.8025 -5.32695 -57.3666 73.8366
16.8404 -5.38461 -57.6777 74.1578
16.8779 -5.44221 -57.9874 74.4767
16.9151 -5.49975 -58.2955 74.7932
16.9521 -5.55721 -58.6022 75.1073
16.9887 -5.61461 -58.9074 75.4191
17.0251 -5.67192 -59.211 75.7286
17.0612 -5.72915 -59.5132 76.0357
17.097 -5.78629 -59.8138 76.3405
17.1325 -5.84333 -60.1128 76.643
17.1678 -5.90028 -60.4104 76.9432
17.2027 -5.95712 -60.7064 77.2411
17.2374 -6.01385 -61.0008 77.5367
17.2719 -6.07047 -61.2937 77.83
17.306 -6.12698 -61.5851 78.121
17.3399 -6.18336 -61.8749 78.4098
17.3735 -6.23961 -62.1631 78.6963
17.4069 -6.29574 -62.4498 78.9807
17.44 -6.35174 -62.7349 79.2628
17.4728 -6.4076 -63.0184 79.5426
17.5054 -6.46332 -63.3004 79.8203
17.5377 -6.51889 -63.5808 80.0958
17.5698 -6.57432 -63.8597 80.3692
17.6016 -6.62961 -64.1369 80.6404
17.6332 -6.68474 -64.4127 80.9094
17.6645 -6.73971 -64.6868 81.1763
17.6956 -6.79453 -64.9595 81.4411
17.7265 -6.84919 -65.2305 81.7039
17.7571 -6.90369 -65.5 81.9645
17.7874 -6.95802 -65.768 82.223
17.8176 -7.01219 -66.0344 82.4795
17.8474 -7.06618 -66.2993 82.734
17.8771 -7.12001 -66.5627 82.9865
17.9065 -7.17367 -66.8245 83.2369
17.9358 -7.22715 -67.0849 83.4854
17.9648 -7.28046 -67.3437 83.7318
17.9935 -7.33359 -67.601 83.9764
18.0221 -7.38654 -67.8568 84.2189
18.0504 -7.43932 -68.1112 84.4596
18.0785 -7.49192 -68.364 84.6984
18.1065 -7.54433 -68.6154 84.9352
18.1342 -7.59656 -68.8654 85.1702
18.1617 -7.64862 -69.1139 85.4034
18.189 -7.70049 -69.3609 85.6347
18.2161 -7.75217 -69.6065 85.8641
18.243 -7.80368 -69.8507 86.0918
18.2697 -7.855 -70.0935 86.3177
18.2962 -7.90614 -70.3349 86.5419
18.3225 -7.9571 -70.5749 86.7643
18.3487 -8.00787 -70.8136 86.985
18.3746 -8.05846 -71.0508 87.2039
18.4004 -8.10887 -71.2868 87.4212
18.426 -8.15909 -71.5214 87.6368
18.4514 -8.20914 -71.7546 87.8508
18.4767 -8.25901 -71.9866 88.0631
18.5018 -8.3087 -72.2173 88.2738
18.5267 -8.35821 -72.4467 88.4829
18.5514 -8.40754 -72.6748 88.6904
18.576 -8.45669 -72.9017 88.8964
18.6004 -8.50568 -73.1274 89.1009
18.6247 -8.55449 -73.3519 89.3038
18.6488 -8.60312 -73.5751 89.5052
18.6728 -8.65159 -73.7972 89.7052
18.6966 -8.69989 -74.0181 89.9037
18.7203 -8.74803 -74.2378 90.1008
18.7439 -8.796 -74.4565 90.2964
18.7673 -8.84381 -74.674 90.4907
18.7905 -8.89145 -74.8904 90.6836
18.8137 -8.93894 -75.1057 90.8751
18.8367 -8.98628 -75.32 91.0653
18.8596 -9.03346 -75.5333 91.2542
18.8823 -9.0805 -75.7455 91.4418
18.905 -9.12739 -75.9567 91.6281
18.9275 -9.17413 -76.167 91.8132
18.9499 -9.22073 -76.3763 91.997
18.9722 -9.2672 -76.5847 92.1797
18.9944 -9.31353 -76.7922 92.3611
19.0165 -9.35974 -76.9987 92.5414
19.0385 -9.40581 -77.2045 92.7205
19.0604 -9.45177 -77.4093 92.8986
19.0822 -9.4976 -77.6134 93.0755
19.1039 -9.54332 -77.8167 93.2513
19.1256 -9.58893 -78.0192 93.4261
19.1471 -9.63444 -78.221 93.5999
19.1686 -9.67984 -78.422 93.7727
19.19 -9.72515 -78.6224 93.9445
19.2114 -9.77036 -78.8221 94.1153
19.2327 -9.81549 -79.0212 94.2852
19.2539 -9.86054 -79.2197 94.4542
19.275 -9.90551 -79.4176 94.6223
19.2961 -9.95041 -79.615 94.7896
19.3172 -9.99525 -79.8119 94.956
19.3382 -10.04 -80.0083 95.1216
19.3592 -10.0848 -80.2043 95.2864
19.3801 -10.1294 -80.3998 95.4505
19.4011 -10.1741 -80.595 95.6138
19.422 -10.2187 -80.7899 95.7765
19.4428 -10.2633 -80.9844 95.9384
19.4637 -10.3079 -81.1787 96.0997
19.4846 -10.3524 -81.3728 96.2604
19.5054 -10.397 -81.5667 96.4205
19.5263 -10.4416 -81.7604 96.5801
19.5472 -10.4862 -81.9541 96.7391
19.5681 -10.5308 -82.1477 96.8976
19.589 -10.5755 -82.3413 97.0556
19.6099 -10.6202 -82.5349 97.2132
19.6309 -10.6649 -82.7287 97.3704
19.6519 -10.7097 -82.9226 97.5273
19.673 -10.7546 -83.1167 97.6837
19.6942 -10.7996 -83.311 97.8399
19.7154 -10.8447 -83.5057 97.9958
19.7367 -10.89 -83.7008 98.1515
19.7581 -10.9353 -83.8964 98.307
19.7795 -10.9808 -84.0925 98.4623
19.8012 -11.0264 -84.2892 98.6175
19.8229 -11.0723 -84.4867 98.7726
19.8448 -11.1183 -84.6849 98.9278
19.8669 -11.1646 -84.8841 99.0829
19.8891 -11.2111 -85.0842 99.2382
19.9115 -11.2578 -85.2853 99.3936
19.9341 -11.3048 -85.4876 99.5493
19.9568 -11.3522 -85.6912 99.7051
19.9799 -11.3998 -85.8961 99.8613
20.0031 -11.4478 -86.1026 100.018
