2.19896 0 0 0 0 0 0
4.39978 0 0 0 0 0 0
6.60368 0 0 0 0 0 0
8.81189 0 0 0 0 0 0
11.0257 0 0 0 0 0 0
13.2462 0 0 0 0 0 0
15.4749 0 0 0 0 0 0
17.7128 0 0 0 0 0 0
19.9614 0 0 0 0 0 0
22.2219 0 0 0 0 0 0
24.4955 0 0 0 0 0 0
26.7838 0 0 0 0 0 0
29.0879 0 0 0 0 0 0
31.4092 0 0 0 0 0 0
33.7493 0 0 0 0 0 0
36.1094 0 0 0 0 0 0
38.4911 0 0 0 0 0 0
40.8958 0 0 0 0 0 0
43.325 0 0 0 0 0 0
45.7804 0 0 0 0 0 0
48.2634 0 0 0 0 0 0
50.7757 0 0 0 0 0 0
53.3191 0 0 0 0 0 0
55.8951 0 0 0 0 0 0
58.5057 0 0 0 0 0 0
61.1525 0 0 0 0 0 0
63.8376 0 0 0 0 0 0
66.5628 0 0 0 0 0 0
69.3301 0 0 0 0 0 0
72.1416 0 0 0 0 0 0
74.9995 0 0 0 0 0 0
77.906 0 0 0 0 0 0
80.8633 0 0 0 0 0 0
83.8739 0 0 0 0 0 0
86.9402 0 0 0 0 0 0
90.0648 0 0 0 0 0 0
93.2504 0 0 0 0 0 0
96.4996 0 0 0 0 0 0
99.8155 0 0 0 0 0 0
103.201 0 0 0 0 0 0
106.659 0 0 0 0 0 0
110.194 0 0 0 0 0 0
113.807 0 0 0 0 0 0
117.504 0 0 0 0 0 0
121.287 0 0 0 0 0 0
125.161 0 0 0 0 0 0
129.13 0 0 0 0 0 0
133.197 0 0 0 0 0 0
137.368 0 0 0 0 0 0
141.647 0 0 0 0 0 0
146.039 0 0 0 0 0 0
150.549 0 0 0 0 0 0
155.182 0 0 0 0 0 0
159.945 0 0 0 0 0 0
164.842 0 0 0 0 0 0
169.881 0 0 0 0 0 0
175.068 0 0 0 0 0 0
180.41 0 0 0 0 0 0
185.914 0 0 0 0 0 0
191.588 0 0 0 0 0 0
197.44 0 0 0 0 0 0
203.479 0 0 0 0 0 0
209.713 0 0 0 0 0 0
216.153 0 0 0 0 0 0
222.808 0 0 0 0 0 0
229.689 0 0 0 0 0 0
236.808 0 0 0 0 0 0
244.176 0 0 0 0 0 0
251.807 0 0 0 0 0 0
259.713 0 0 0 0 0 0
267.91 0 0 0 0 0 0
276.412 0 0 0 0 0 0
285.235 0 0 0 0 0 0
294.397 0 0 0 0 0 0
303.916 0 0 0 0 0 0
313.812 0 0 0 0 0 0
324.104 0 0 0 0 0 0
334.815 0 0 0 0 0 0
345.97 0 0 0 0 0 0
357.591 0 0 0 0 0 0
369.707 0 0 0 0 0 0
382.347 0 0 0 0 0 0
395.539 0 0 0 0 0 0
409.318 0 0 0 0 0 0
423.717 0 0 0 0 0 0
438.775 0 0 0 0 0 0
