2.19896 6.30877e-09 -0.00023701 -0.0274918 -0.0123666 2.87383e-06 -4.37631e-09
4.39978 1.96305e-08 -0.000711075 -0.0549833 -0.0247343 5.6607e-06 -1.01604e-08
6.60368 4.0555e-08 -0.00142226 -0.0824734 -0.0371033 8.3644e-06 -1.59494e-08
8.81189 6.9533e-08 -0.00237066 -0.109961 -0.0494737 1.09888e-05 -2.0316e-08
11.0257 1.06875e-07 -0.00355637 -0.137446 -0.0618457 1.35378e-05 -2.18105e-08
13.2462 1.52749e-07 -0.00497951 -0.164927 -0.0742195 1.60155e-05 -1.89623e-08
15.4749 2.07181e-07 -0.00664022 -0.192404 -0.0865951 1.8426e-05 -1.02826e-08
17.7128 2.70047e-07 -0.00853866 -0.219874 -0.0989728 2.07735e-05 5.73246e-09
19.9614 3.41078e-07 -0.010675 -0.247339 -0.111353 2.30623e-05 3.05986e-08
22.2219 4.19852e-07 -0.0130494 -0.274795 -0.123735 2.52971e-05 6.58391e-08
24.4955 5.05791e-07 -0.0156621 -0.302244 -0.13612 2.74825e-05 1.1298e-07
26.7838 5.98161e-07 -0.0185134 -0.329683 -0.148507 2.96234e-05 1.73547e-07
29.0879 6.96067e-07 -0.0216034 -0.357112 -0.160898 3.17247e-05 2.49057e-07
31.4092 7.98446e-07 -0.0249325 -0.384531 -0.173291 3.37917e-05 3.41014e-07
33.7493 9.04068e-07 -0.0285009 -0.411938 -0.185688 3.58299e-05 4.50903e-07
36.1094 1.01153e-06 -0.0323089 -0.439332 -0.198087 3.7845e-05 5.80183e-07
38.4911 1.11925e-06 -0.0363569 -0.466713 -0.210491 3.98428e-05 7.30278e-07
40.8958 1.22546e-06 -0.0406451 -0.49408 -0.222897 4.18296e-05 9.02573e-07
43.325 1.3282e-06 -0.0451741 -0.521432 -0.235308 4.38117e-05 1.0984e-06
45.7804 1.42534e-06 -0.0499441 -0.548768 -0.247722 4.57959e-05 1.31904e-06
48.2634 1.51453e-06 -0.0549557 -0.576087 -0.260141 4.77891e-05 1.56571e-06
50.7757 1.5932e-06 -0.0602091 -0.603389 -0.272564 4.97987e-05 1.83953e-06
53.3191 1.65861e-06 -0.0657049 -0.630673 -0.284991 5.18323e-05 2.14157e-06
55.8951 1.70776e-06 -0.0714436 -0.657937 -0.297422 5.38977e-05 2.47277e-06
58.5057 1.73746e-06 -0.0774257 -0.685182 -0.309858 5.60033e-05 2.83399e-06
61.1525 1.74427e-06 -0.0836517 -0.712406 -0.322299 5.81577e-05 3.22596e-06
63.8376 1.7245e-06 -0.0901222 -0.739609 -0.334745 6.03698e-05 3.64929e-06
66.5628 1.67424e-06 -0.0968378 -0.76679 -0.347196 6.26489e-05 4.10446e-06
69.3301 1.5893e-06 -0.103799 -0.793948 -0.359652 6.50048e-05 4.59178e-06
72.1416 1.46524e-06 -0.111007 -0.821083 -0.372113 6.74476e-05 5.11142e-06
74.9995 1.29733e-06 -0.118462 -0.848194 -0.384579 6.99877e-05 5.66336e-06
77.906 1.08058e-06 -0.126164 -0.875279 -0.397051 7.26362e-05 6.2474e-06
80.8633 8.09697e-07 -0.134115 -0.902339 -0.409529 7.54042e-05 6.86314e-06
83.8739 4.79075e-07 -0.142316 -0.929373 -0.422012 7.83036e-05 7.50997e-06
86.9402 8.28066e-08 -0.150766 -0.95638 -0.434501 8.13467e-05 8.18705e-06
90.0648 -3.85346e-07 -0.159468 -0.98336 -0.446997 8.45461e-05 8.89328e-06
93.2504 -9.31958e-07 -0.168422 -1.01031 -0.459498 8.79149e-05 9.62733e-06
96.4996 -1.56395e-06 -0.177628 -1.03723 -0.472005 9.14669e-05 1.03876e-05
99.8155 -2.28862e-06 -0.187089 -1.06413 -0.484519 9.52161e-05 1.11721e-05
103.201 -3.11362e-06 -0.196805 -1.09099 -0.497039 9.91774e-05 1.19787e-05
106.659 -4.04701e-06 -0.206776 -1.11783 -0.509565 0.000103366 1.28049e-05
110.194 -5.09725e-06 -0.217005 -1.14463 -0.522097 0.000107797 1.36477e-05
113.807 -6.27323e-06 -0.227492 -1.1714 -0.534637 0.000112487 1.45039e-05
117.504 -7.58426e-06 -0.238239 -1.19814 -0.547182 0.000117454 1.53698e-05
121.287 -9.04013e-06 -0.249247 -1.22485 -0.559735 0.000122714 1.62415e-05
125.161 -1.06511e-05 -0.260518 -1.25153 -0.572294 0.000128286 1.71144e-05
129.13 -1.24279e-05 -0.272052 -1.27817 -0.58486 0.000134189 1.79837e-05
133.197 -1.43818e-05 -0.283851 -1.30478 -0.597432 0.000140441 1.88439e-05
137.368 -1.65246e-05 -0.295918 -1.33136 -0.610011 0.000147063 1.96892e-05
141.647 -1.88686e-05 -0.308253 -1.35791 -0.622597 0.000154076 2.0513e-05
146.039 -2.14268e-05 -0.320858 -1.38442 -0.63519 0.000161501 2.13085e-05
150.549 -2.42128e-05 -0.333735 -1.41089 -0.64779 0.000169361 2.20679e-05
155.182 -2.72408e-05 -0.346886 -1.43734 -0.660396 0.000177679 2.27831e-05
159.945 -3.05255e-05 -0.360314 -1.46374 -0.673008 0.000186478 2.34453e-05
164.842 -3.40825e-05 -0.374019 -1.49012 -0.685627 0.000195784 2.40447e-05
169.881 -3.79281e-05 -0.388004 -1.51646 -0.698253 0.000205621 2.45711e-05
175.068 -4.20792e-05 -0.402272 -1.54276 -0.710885 0.000216017 2.50133e-05
180.41 -4.65539e-05 -0.416825 -1.56904 -0.723523 0.000226999 2.53594e-05
185.914 -5.13705e-05 -0.431665 -1.59527 -0.736168 0.000238596 2.55966e-05
191.588 -5.65488e-05 -0.446795 -1.62148 -0.748818 0.000250836 2.5711e-05
197.44 -6.21091e-05 -0.462217 -1.64765 -0.761474 0.000263751 2.56879e-05
203.479 -6.80727e-05 -0.477935 -1.67379 -0.774135 0.000277373 2.55114e-05
209.713 -7.44622e-05 -0.493951 -1.69989 -0.786802 0.000291733 2.51646e-05
216.153 -8.13008e-05 -0.510269 -1.72596 -0.799473 0.000306867 2.46292e-05
222.808 -8.86133e-05 -0.526891 -1.752 -0.812149 0.00032281 2.38859e-05
229.689 -9.64253e-05 -0.543822 -1.77801 -0.82483 0.000339598 2.29136e-05
236.808 -0.000104764 -0.561064 -1.80398 -0.837514 0.00035727 2.16903e-05
244.176 -0.000113657 -0.578622 -1.82993 -0.850202 0.000375866 2.01919e-05
251.807 -0.000123135 -0.596499 -1.85584 -0.862893 0.000395426 1.8393e-05
259.713 -0.000133228 -0.614699 -1.88173 -0.875587 0.000415994 1.62662e-05
267.91 -0.000143969 -0.633227 -1.90759 -0.888282 0.000437614 1.37823e-05
276.412 -0.000155392 -0.652086 -1.93342 -0.900979 0.000460332 1.091e-05
285.235 -0.000167533 -0.671283 -1.95922 -0.913676 0.000484196 7.61569e-06
294.397 -0.00018043 -0.69082 -1.985 -0.926373 0.000509258 3.86351e-06
303.916 -0.000194123 -0.710704 -2.01075 -0.939069 0.000535568 -3.85041e-07
313.812 -0.000208653 -0.730939 -2.03648 -0.951763 0.000563182 -5.17124e-06
324.104 -0.000224063 -0.751531 -2.06218 -0.964454 0.000592156 -1.05393e-05
334.815 -0.000240401 -0.772486 -2.08786 -0.977141 0.00062255 -1.65368e-05
345.97 -0.000257714 -0.793809 -2.11352 -0.989823 0.000654424 -2.32149e-05
357.591 -0.000276053 -0.815506 -2.13916 -1.0025 0.000687844 -3.06279e-05
369.707 -0.000295474 -0.837584 -2.16478 -1.01517 0.000722876 -3.8835e-05
382.347 -0.000316031 -0.860049 -2.19039 -1.02782 0.000759591 -4.78996e-05
395.539 -0.000337786 -0.882908 -2.21597 -1.04047 0.000798061 -5.78898e-05
409.318 -0.000360801 -0.906168 -2.24154 -1.0531 0.000838364 -6.88792e-05
423.717 -0.000385144 -0.929836 -2.2671 -1.06572 0.000880578 -8.09471e-05
438.775 -0.000410885 -0.95392 -2.29264 -1.07833 0.000924788 -9.41791e-05
