2.19896 1.01676e-08 -0.000414245 -0.0408039 -0.0141698 2.93487e-06 -4.51969e-09
4.39978 3.21637e-08 -0.00124275 -0.0816037 -0.0283404 5.75868e-06 -9.07954e-09
6.60368 6.74003e-08 -0.00248554 -0.122396 -0.0425117 8.48526e-06 -1.21753e-08
8.81189 1.17005e-07 -0.00414261 -0.163178 -0.0566835 1.11284e-05 -1.26532e-08
11.0257 1.81817e-07 -0.00621395 -0.203946 -0.0708557 1.37022e-05 -9.71371e-09
13.2462 2.62386e-07 -0.00869953 -0.244698 -0.0850282 1.62204e-05 -2.91297e-09
15.4749 3.58965e-07 -0.0115993 -0.285429 -0.0992008 1.86971e-05 7.83501e-09
17.7128 4.71511e-07 -0.0149133 -0.326136 -0.113373 2.11466e-05 2.22561e-08
19.9614 5.99674e-07 -0.0186413 -0.366817 -0.127546 2.3583e-05 3.97132e-08
22.2219 7.42796e-07 -0.0227833 -0.407468 -0.141718 2.60207e-05 5.92035e-08
24.4955 8.99902e-07 -0.0273393 -0.448086 -0.15589 2.84739e-05 7.93555e-08
26.7838 1.0697e-06 -0.032309 -0.488668 -0.170061 3.09573e-05 9.84251e-08
29.0879 1.25056e-06 -0.0376925 -0.52921 -0.184232 3.34855e-05 1.14292e-07
31.4092 1.44053e-06 -0.0434895 -0.56971 -0.198402 3.6073e-05 1.24455e-07
33.7493 1.63731e-06 -0.0496999 -0.610164 -0.212571 3.87347e-05 1.2603e-07
36.1094 1.83823e-06 -0.0563236 -0.650568 -0.226738 4.14856e-05 1.1574e-07
38.4911 2.0403e-06 -0.0633604 -0.690921 -0.240905 4.43406e-05 8.99162e-08
40.8958 2.24012e-06 -0.0708101 -0.731218 -0.255069 4.73149e-05 4.44874e-08
43.325 2.43394e-06 -0.0786725 -0.771457 -0.269233 5.04237e-05 -2.50241e-08
45.7804 2.6176e-06 -0.0869475 -0.811634 -0.283394 5.36825e-05 -1.23509e-07
48.2634 2.78656e-06 -0.0956347 -0.851746 -0.297553 5.71068e-05 -2.5628e-07
50.7757 2.93587e-06 -0.104734 -0.89179 -0.31171 6.07123e-05 -4.29076e-07
53.3191 3.06013e-06 -0.114245 -0.931764 -0.325864 6.45148e-05 -6.48074e-07
55.8951 3.15354e-06 -0.124168 -0.971663 -0.340016 6.85303e-05 -9.19897e-07
58.5057 3.20983e-06 -0.134502 -1.01148 -0.354165 7.2775e-05 -1.25162e-06
61.1525 3.22229e-06 -0.145248 -1.05123 -0.36831 7.72652e-05 -1.65079e-06
63.8376 3.18373e-06 -0.156404 -1.09089 -0.382452 8.20173e-05 -2.12542e-06
66.5628 3.08646e-06 -0.167971 -1.13046 -0.396591 8.70482e-05 -2.68402e-06
69.3301 2.92231e-06 -0.179948 -1.16994 -0.410725 9.23747e-05 -3.3356e-06
72.1416 2.68257e-06 -0.192335 -1.20933 -0.424855 9.80139e-05 -4.08967e-06
74.9995 2.35802e-06 -0.205132 -1.24863 -0.438981 0.000103983 -4.9563e-06
77.906 1.93887e-06 -0.218338 -1.28782 -0.453102 0.0001103 -5.94608e-06
80.8633 1.41477e-06 -0.231954 -1.32692 -0.467217 0.000116982 -7.07015e-06
83.8739 7.7479e-07 -0.245978 -1.36591 -0.481327 0.000124047 -8.34027e-06
86.9402 7.37993e-09 -0.260411 -1.4048 -0.495431 0.000131514 -9.76875e-06
90.0648 -8.99623e-07 -0.275252 -1.44357 -0.509529 0.000139401 -1.13685e-05
93.2504 -1.95903e-06 -0.290501 -1.48223 -0.52362 0.000147727 -1.31533e-05
96.4996 -3.18432e-06 -0.306158 -1.52078 -0.537704 0.00015651 -1.51371e-05
99.8155 -4.58967e-06 -0.322222 -1.55921 -0.55178 0.000165772 -1.73351e-05
103.201 -6.18994e-06 -0.338693 -1.59752 -0.565849 0.00017553 -1.97627e-05
106.659 -8.00077e-06 -0.355571 -1.6357 -0.579909 0.000185806 -2.24365e-05
110.194 -1.00385e-05 -0.372856 -1.67376 -0.59396 0.000196619 -2.53736e-05
113.807 -1.23204e-05 -0.390547 -1.71169 -0.608001 0.000207991 -2.85919e-05
117.504 -1.48644e-05 -0.408643 -1.74949 -0.622032 0.000219943 -3.21102e-05
121.287 -1.76893e-05 -0.427146 -1.78715 -0.636053 0.000232495 -3.59482e-05
125.161 -2.08148e-05 -0.446054 -1.82468 -0.650063 0.000245671 -4.01263e-05
129.13 -2.42616e-05 -0.465367 -1.86207 -0.66406 0.000259491 -4.46662e-05
133.197 -2.80513e-05 -0.485085 -1.89932 -0.678045 0.000273981 -4.95902e-05
137.368 -3.22063e-05 -0.505208 -1.93642 -0.692017 0.000289161 -5.4922e-05
141.647 -3.67502e-05 -0.525736 -1.97338 -0.705975 0.000305058 -6.0686e-05
146.039 -4.17077e-05 -0.546669 -2.01019 -0.719918 0.000321693 -6.6908e-05
150.549 -4.71044e-05 -0.568005 -2.04685 -0.733845 0.000339093 -7.36148e-05
155.182 -5.29671e-05 -0.589747 -2.08336 -0.747756 0.000357283 -8.08347e-05
159.945 -5.9324e-05 -0.611892 -2.11971 -0.761649 0.000376288 -8.85969e-05
164.842 -6.62042e-05 -0.634441 -2.1559 -0.775524 0.000396136 -9.69323e-05
169.881 -7.36382e-05 -0.657395 -2.19194 -0.78938 0.000416853 -0.000105873
175.068 -8.16578e-05 -0.680753 -2.22781 -0.803216 0.000438466 -0.000115453
180.41 -9.02964e-05 -0.704516 -2.26353 -0.81703 0.000461005 -0.000125707
185.914 -9.95884e-05 -0.728682 -2.29907 -0.830821 0.000484498 -0.000136672
191.588 -0.00010957 -0.753253 -2.33446 -0.844589 0.000508975 -0.000148386
197.44 -0.000120279 -0.778229 -2.36967 -0.858331 0.000534466 -0.000160891
203.479 -0.000131755 -0.80361 -2.40472 -0.872047 0.000561003 -0.000174228
209.713 -0.000144038 -0.829396 -2.43959 -0.885735 0.000588618 -0.000188441
216.153 -0.000157172 -0.855588 -2.47429 -0.899394 0.000617343 -0.000203578
222.808 -0.000171201 -0.882186 -2.50882 -0.913022 0.000647212 -0.000219686
229.689 -0.000186172 -0.90919 -2.54318 -0.926618 0.00067826 -0.000236817
236.808 -0.000202132 -0.936601 -2.57736 -0.940179 0.000710521 -0.000255023
244.176 -0.000219134 -0.96442 -2.61136 -0.953704 0.000744032 -0.000274361
251.807 -0.000237229 -0.992647 -2.64518 -0.967192 0.00077883 -0.000294888
259.713 -0.000256473 -1.02128 -2.67883 -0.980639 0.000814953 -0.000316668
267.91 -0.000276923 -1.05033 -2.71229 -0.994045 0.000852441 -0.000339763
276.412 -0.000298639 -1.07979 -2.74558 -1.00741 0.000891333 -0.000364241
285.235 -0.000321685 -1.10965 -2.77868 -1.02072 0.00093167 -0.000390173
294.397 -0.000346125 -1.13993 -2.81161 -1.03399 0.000973496 -0.000417633
303.916 -0.000372028 -1.17063 -2.84435 -1.0472 0.00101685 -0.000446699
313.812 -0.000399465 -1.20174 -2.87691 -1.06036 0.00106178 -0.000477452
324.104 -0.000428512 -1.23326 -2.90929 -1.07346 0.00110834 -0.000509978
334.815 -0.000459245 -1.2652 -2.94148 -1.08651 0.00115656 -0.000544366
345.97 -0.000491747 -1.29756 -2.97349 -1.09949 0.00120649 -0.00058071
357.591 -0.000526102 -1.33034 -3.00533 -1.1124 0.00125819 -0.00061911
369.707 -0.0005624 -1.36355 -3.03698 -1.12524 0.00131171 -0.000659667
382.347 -0.000600735 -1.39717 -3.06844 -1.13802 0.00136709 -0.000702491
395.539 -0.000641204 -1.43122 -3.09973 -1.15071 0.00142439 -0.000747695
409.318 -0.000683909 -1.4657 -3.13084 -1.16332 0.00148367 -0.000795398
423.717 -0.000728957 -1.5006 -3.16176 -1.17585 0.00154498 -0.000845726
438.775 -0.000776461 -1.53594 -3.19251 -1.18829 0.00160837 -0.000898808
