2.19896 1.01745e-08 -0.000414245 -0.0408037 -0.0141699 2.88202e-06 -4.35213e-09
4.39978 3.21895e-08 -0.00124275 -0.0816033 -0.0283406 5.63922e-06 -8.78913e-09
6.60368 6.74508e-08 -0.00248553 -0.122395 -0.0425119 8.27814e-06 -1.11107e-08
8.81189 1.17076e-07 -0.00414257 -0.163177 -0.0566837 1.08054e-05 -9.16056e-09
11.0257 1.81894e-07 -0.00621387 -0.203945 -0.0708559 1.32275e-05 -8.30083e-10
13.2462 2.62438e-07 -0.00869941 -0.244695 -0.0850283 1.55515e-05 1.59391e-08
15.4749 3.58946e-07 -0.0115991 -0.285426 -0.0992009 1.77842e-05 4.31515e-08
17.7128 4.71351e-07 -0.014913 -0.326132 -0.113374 1.99327e-05 8.2754e-08
19.9614 5.99283e-07 -0.0186409 -0.366813 -0.127546 2.20042e-05 1.36631e-07
22.2219 7.42057e-07 -0.0227828 -0.407463 -0.141718 2.40061e-05 2.06599e-07
24.4955 8.98671e-07 -0.0273386 -0.44808 -0.15589 2.5946e-05 2.94402e-07
26.7838 1.0678e-06 -0.0323082 -0.488661 -0.170062 2.78317e-05 4.01704e-07
29.0879 1.24779e-06 -0.0376915 -0.529202 -0.184232 2.96712e-05 5.30082e-07
31.4092 1.43663e-06 -0.0434883 -0.569701 -0.198402 3.14726e-05 6.81019e-07
33.7493 1.632e-06 -0.0496985 -0.610154 -0.212571 3.32444e-05 8.55898e-07
36.1094 1.8312e-06 -0.056322 -0.650558 -0.226739 3.49953e-05 1.05599e-06
38.4911 2.03117e-06 -0.0633586 -0.69091 -0.240905 3.67343e-05 1.28244e-06
40.8958 2.22847e-06 -0.070808 -0.731206 -0.25507 3.84705e-05 1.53629e-06
43.325 2.41932e-06 -0.0786702 -0.771444 -0.269234 4.02136e-05 1.8184e-06
45.7804 2.59949e-06 -0.086945 -0.811621 -0.283395 4.19732e-05 2.12951e-06
48.2634 2.76439e-06 -0.095632 -0.851733 -0.297555 4.37595e-05 2.4702e-06
50.7757 2.90902e-06 -0.104731 -0.891777 -0.311712 4.5583e-05 2.84086e-06
53.3191 3.02792e-06 -0.114242 -0.93175 -0.325867 4.74544e-05 3.2417e-06
55.8951 3.11523e-06 -0.124165 -0.971649 -0.340019 4.93848e-05 3.67273e-06
58.5057 3.16462e-06 -0.134499 -1.01147 -0.354169 5.13858e-05 4.13376e-06
61.1525 3.16932e-06 -0.145244 -1.05121 -0.368315 5.34692e-05 4.62436e-06
63.8376 3.12205e-06 -0.1564 -1.09087 -0.382458 5.56472e-05 5.14385e-06
66.5628 3.01508e-06 -0.167967 -1.13044 -0.396598 5.79324e-05 5.69131e-06
69.3301 2.84015e-06 -0.179944 -1.16993 -0.410733 6.0338e-05 6.26553e-06
72.1416 2.5885e-06 -0.192332 -1.20932 -0.424864 6.28772e-05 6.86502e-06
74.9995 2.2508e-06 -0.205129 -1.24862 -0.438991 6.55641e-05 7.48798e-06
77.906 1.81721e-06 -0.218335 -1.28782 -0.453114 6.8413e-05 8.13228e-06
80.8633 1.27729e-06 -0.231951 -1.32691 -0.467231 7.14386e-05 8.79544e-06
83.8739 6.2003e-07 -0.245976 -1.36591 -0.481343 7.46562e-05 9.47461e-06
86.9402 -1.66203e-07 -0.26041 -1.40479 -0.495449 7.80816e-05 1.01666e-05
90.0648 -1.09366e-06 -0.275252 -1.44357 -0.509548 8.17308e-05 1.08677e-05
93.2504 -2.17523e-06 -0.290502 -1.48224 -0.523642 8.56208e-05 1.15738e-05
96.4996 -3.4245e-06 -0.306159 -1.52079 -0.537728 8.97687e-05 1.22806e-05
99.8155 -4.85572e-06 -0.322225 -1.55922 -0.551807 9.41924e-05 1.29828e-05
103.201 -6.48387e-06 -0.338698 -1.59753 -0.565878 9.89101e-05 1.3675e-05
106.659 -8.32466e-06 -0.355577 -1.63572 -0.579941 0.000103941 1.43512e-05
110.194 -1.03946e-05 -0.372864 -1.67378 -0.593995 0.000109304 1.50048e-05
113.807 -1.27109e-05 -0.390557 -1.71172 -0.60804 0.000115019 1.56284e-05
117.504 -1.52917e-05 -0.408656 -1.74952 -0.622075 0.000121108 1.62144e-05
121.287 -1.81559e-05 -0.427161 -1.78719 -0.6361 0.000127591 1.67541e-05
125.161 -2.13234e-05 -0.446073 -1.82473 -0.650113 0.000134491 1.72385e-05
129.13 -2.48149e-05 -0.465389 -1.86212 -0.664115 0.00014183 1.76575e-05
133.197 -2.86521e-05 -0.485111 -1.89938 -0.678105 0.000149631 1.80005e-05
137.368 -3.28576e-05 -0.505239 -1.93649 -0.692081 0.000157918 1.8256e-05
141.647 -3.7455e-05 -0.525771 -1.97345 -0.706044 0.000166716 1.84117e-05
146.039 -4.24693e-05 -0.546709 -2.01027 -0.719992 0.00017605 1.84542e-05
150.549 -4.79261e-05 -0.568051 -2.04694 -0.733925 0.000185947 1.83695e-05
155.182 -5.38524e-05 -0.589799 -2.08346 -0.747842 0.000196434 1.81422e-05
159.945 -6.02764e-05 -0.611951 -2.11982 -0.761741 0.000207537 1.77561e-05
164.842 -6.72274e-05 -0.634508 -2.15602 -0.775623 0.000219287 1.71939e-05
169.881 -7.47362e-05 -0.657469 -2.19207 -0.789486 0.000231712 1.6437e-05
175.068 -8.28346e-05 -0.680836 -2.22796 -0.803328 0.000244842 1.54657e-05
180.41 -9.15561e-05 -0.704608 -2.26368 -0.81715 0.00025871 1.42588e-05
185.914 -0.000100935 -0.728784 -2.29924 -0.830949 0.000273346 1.27939e-05
191.588 -0.000111009 -0.753366 -2.33464 -0.844725 0.000288784 1.1047e-05
197.44 -0.000121814 -0.778354 -2.36987 -0.858476 0.000305059 8.99263e-06
203.479 -0.000133391 -0.803747 -2.40493 -0.872201 0.000322205 6.60369e-06
209.713 -0.000145781 -0.829547 -2.43982 -0.885898 0.000340258 3.8513e-06
216.153 -0.000159027 -0.855753 -2.47454 -0.899567 0.000359256 7.04758e-07
222.808 -0.000173172 -0.882366 -2.50908 -0.913205 0.000379238 -2.86861e-06
229.689 -0.000188265 -0.909387 -2.54345 -0.926811 0.000400242 -6.90355e-06
236.808 -0.000204354 -0.936816 -2.57765 -0.940384 0.00042231 -1.1437e-05
244.176 -0.00022149 -0.964653 -2.61167 -0.95392 0.000445484 -1.65082e-05
251.807 -0.000239725 -0.992901 -2.64552 -0.96742 0.000469806 -2.21591e-05
259.713 -0.000259116 -1.02156 -2.67918 -0.980879 0.000495322 -2.84339e-05
267.91 -0.00027972 -1.05063 -2.71267 -0.994298 0.000522078 -3.53799e-05
276.412 -0.000301597 -1.08011 -2.74598 -1.00767 0.000550121 -4.30475e-05
285.235 -0.00032481 -1.11 -2.7791 -1.021 0.000579499 -5.14901e-05
294.397 -0.000349425 -1.14031 -2.81205 -1.03428 0.000610264 -6.07646e-05
303.916 -0.000375511 -1.17103 -2.84482 -1.04751 0.000642467 -7.09316e-05
313.812 -0.000403139 -1.20217 -2.8774 -1.06068 0.000676162 -8.20556e-05
324.104 -0.000432385 -1.23373 -2.90981 -1.0738 0.000711404 -9.42054e-05
334.815 -0.000463326 -1.2657 -2.94203 -1.08686 0.00074825 -0.000107454
345.97 -0.000496045 -1.2981 -2.97407 -1.09986 0.000786759 -0.00012188
357.591 -0.000530626 -1.33092 -3.00593 -1.11279 0.000826991 -0.000137566
369.707 -0.00056716 -1.36417 -3.03761 -1.12565 0.000869009 -0.000154601
382.347 -0.000605741 -1.39783 -3.06911 -1.13844 0.000912877 -0.00017308
395.539 -0.000646466 -1.43193 -3.10043 -1.15115 0.000958661 -0.000193104
409.318 -0.000689438 -1.46645 -3.13157 -1.16379 0.00100643 -0.00021478
423.717 -0.000734765 -1.50141 -3.16252 -1.17633 0.00105625 -0.000238226
438.775 -0.000782559 -1.5368 -3.19331 -1.18879 0.00110821 -0.000263564
