2.19896 1.45206e-08 -0.000635007 -0.0556605 -0.0154574 3.56248e-06 -1.40594e-08
4.39978 4.66884e-08 -0.00190496 -0.111311 -0.0309153 6.98188e-06 -3.6784e-08
6.60368 9.91811e-08 -0.00380975 -0.166944 -0.0463732 1.02724e-05 -6.59167e-08
8.81189 1.7418e-07 -0.00634917 -0.222555 -0.0618308 1.34481e-05 -9.95704e-08
11.0257 2.73365e-07 -0.00952295 -0.278134 -0.0772876 1.65235e-05 -1.3623e-07
13.2462 3.9791e-07 -0.0133307 -0.333677 -0.0927433 1.9513e-05 -1.74756e-07
15.4749 5.48474e-07 -0.0177721 -0.389176 -0.108198 2.24311e-05 -2.14386e-07
17.7128 7.25197e-07 -0.0228465 -0.444624 -0.12365 2.52923e-05 -2.54741e-07
19.9614 9.27689e-07 -0.0285534 -0.500015 -0.1391 2.81116e-05 -2.95825e-07
22.2219 1.15502e-06 -0.0348922 -0.555342 -0.154547 3.09037e-05 -3.38033e-07
24.4955 1.40573e-06 -0.041862 -0.610598 -0.169991 3.36836e-05 -3.82154e-07
26.7838 1.67778e-06 -0.049462 -0.665777 -0.185432 3.64665e-05 -4.29375e-07
29.0879 1.96857e-06 -0.0576915 -0.720872 -0.200869 3.92675e-05 -4.81288e-07
31.4092 2.27492e-06 -0.0665493 -0.775876 -0.216301 4.21021e-05 -5.39891e-07
33.7493 2.59308e-06 -0.0760344 -0.830783 -0.231728 4.49857e-05 -6.07602e-07
36.1094 2.91868e-06 -0.0861458 -0.885586 -0.247151 4.79339e-05 -6.87257e-07
38.4911 3.24672e-06 -0.0968821 -0.940278 -0.262567 5.09626e-05 -7.82123e-07
40.8958 3.5716e-06 -0.108242 -0.994853 -0.277978 5.40877e-05 -8.95901e-07
43.325 3.88704e-06 -0.120225 -1.0493 -0.293381 5.73253e-05 -1.03274e-06
45.7804 4.18614e-06 -0.132828 -1.10363 -0.308778 6.06916e-05 -1.19722e-06
48.2634 4.46128e-06 -0.146051 -1.15781 -0.324167 6.4203e-05 -1.39442e-06
50.7757 4.70418e-06 -0.159891 -1.21185 -0.339547 6.78762e-05 -1.62986e-06
53.3191 4.90583e-06 -0.174348 -1.26574 -0.35492 7.17278e-05 -1.90954e-06
55.8951 5.05651e-06 -0.189419 -1.31948 -0.370282 7.57748e-05 -2.23997e-06
58.5057 5.14572e-06 -0.205103 -1.37305 -0.385636 8.00344e-05 -2.62813e-06
61.1525 5.16223e-06 -0.221397 -1.42646 -0.400978 8.45238e-05 -3.08154e-06
63.8376 5.09399e-06 -0.2383 -1.47969 -0.41631 8.92605e-05 -3.60824e-06
66.5628 4.92816e-06 -0.25581 -1.53273 -0.431631 9.42623e-05 -4.21679e-06
69.3301 4.65106e-06 -0.273924 -1.5856 -0.446939 9.95471e-05 -4.91633e-06
72.1416 4.24816e-06 -0.292641 -1.63826 -0.462234 0.000105133 -5.71655e-06
74.9995 3.70405e-06 -0.311958 -1.69073 -0.477516 0.000111038 -6.62773e-06
77.906 3.00243e-06 -0.331872 -1.74299 -0.492784 0.000117282 -7.66073e-06
80.8633 2.12605e-06 -0.352382 -1.79504 -0.508037 0.000123882 -8.82707e-06
83.8739 1.05672e-06 -0.373484 -1.84688 -0.523275 0.000130858 -1.01389e-05
86.9402 -2.24735e-07 -0.395177 -1.89849 -0.538496 0.00013823 -1.16089e-05
90.0648 -1.7385e-06 -0.417458 -1.94987 -0.5537 0.000146016 -1.32506e-05
93.2504 -3.50579e-06 -0.440323 -2.00101 -0.568886 0.000154237 -1.50782e-05
96.4996 -5.54891e-06 -0.46377 -2.05191 -0.584053 0.000162913 -1.71065e-05
99.8155 -7.89126e-06 -0.487797 -2.10257 -0.599201 0.000172064 -1.93511e-05
103.201 -1.05573e-05 -0.512399 -2.15298 -0.614328 0.000181712 -2.18285e-05
106.659 -1.35729e-05 -0.537575 -2.20313 -0.629433 0.000191876 -2.45559e-05
110.194 -1.69648e-05 -0.563322 -2.25301 -0.644516 0.000202578 -2.75511e-05
113.807 -2.07612e-05 -0.589635 -2.30263 -0.659576 0.000213841 -3.08332e-05
117.504 -2.49915e-05 -0.616512 -2.35197 -0.674611 0.000225685 -3.44219e-05
121.287 -2.96865e-05 -0.64395 -2.40104 -0.68962 0.000238134 -3.83378e-05
125.161 -3.48782e-05 -0.671945 -2.44982 -0.704603 0.00025121 -4.26025e-05
129.13 -4.06003e-05 -0.700493 -2.49831 -0.719557 0.000264936 -4.72388e-05
133.197 -4.68875e-05 -0.729592 -2.54651 -0.734483 0.000279335 -5.22703e-05
137.368 -5.37765e-05 -0.759238 -2.59441 -0.749377 0.000294432 -5.77217e-05
141.647 -6.13052e-05 -0.789427 -2.64201 -0.76424 0.00031025 -6.36189e-05
146.039 -6.95131e-05 -0.820155 -2.6893 -0.77907 0.000326814 -6.99889e-05
150.549 -7.84416e-05 -0.851419 -2.73627 -0.793865 0.00034415 -7.68599e-05
155.182 -8.81335e-05 -0.883215 -2.78294 -0.808624 0.000362283 -8.42614e-05
159.945 -9.86335e-05 -0.915538 -2.82928 -0.823345 0.000381238 -9.22243e-05
164.842 -0.000109988 -0.948386 -2.87529 -0.838026 0.000401043 -0.000100781
169.881 -0.000122246 -0.981753 -2.92098 -0.852667 0.000421723 -0.000109964
175.068 -0.000135457 -1.01564 -2.96634 -0.867265 0.000443308 -0.00011981
180.41 -0.000149674 -1.05003 -3.01136 -0.881817 0.000465823 -0.000130355
185.914 -0.000164951 -1.08494 -3.05604 -0.896323 0.000489299 -0.000141637
191.588 -0.000181344 -1.12034 -3.10037 -0.910781 0.000513763 -0.000153696
197.44 -0.000198913 -1.15625 -3.14436 -0.925188 0.000539246 -0.000166575
203.479 -0.000217718 -1.19265 -3.18801 -0.939541 0.000565777 -0.000180316
209.713 -0.000237824 -1.22954 -3.23129 -0.953839 0.000593387 -0.000194965
216.153 -0.000259295 -1.26691 -3.27423 -0.96808 0.000622107 -0.000210571
222.808 -0.0002822 -1.30477 -3.31681 -0.982261 0.000651969 -0.000227182
229.689 -0.000306611 -1.3431 -3.35902 -0.996378 0.000683006 -0.000244851
236.808 -0.000332601 -1.38191 -3.40088 -1.01043 0.00071525 -0.000263632
244.176 -0.000360247 -1.42118 -3.44237 -1.02441 0.000748735 -0.000283582
251.807 -0.000389628 -1.46092 -3.48349 -1.03833 0.000783496 -0.00030476
259.713 -0.000420828 -1.50111 -3.52425 -1.05217 0.000819567 -0.000327228
267.91 -0.000453931 -1.54175 -3.56464 -1.06593 0.000856985 -0.00035105
276.412 -0.000489028 -1.58285 -3.60466 -1.07961 0.000895784 -0.000376295
285.235 -0.00052621 -1.62438 -3.6443 -1.0932 0.000936004 -0.000403033
294.397 -0.000565574 -1.66636 -3.68358 -1.10671 0.00097768 -0.000431338
303.916 -0.000607219 -1.70876 -3.72248 -1.12013 0.00102085 -0.000461286
313.812 -0.000651249 -1.7516 -3.76101 -1.13345 0.00106556 -0.000492959
324.104 -0.000697771 -1.79485 -3.79917 -1.14667 0.00111184 -0.000526441
334.815 -0.000746896 -1.83852 -3.83696 -1.15978 0.00115974 -0.00056182
345.97 -0.000798742 -1.8826 -3.87437 -1.17279 0.00120929 -0.000599188
357.591 -0.000853426 -1.92709 -3.91142 -1.18569 0.00126054 -0.00063864
369.707 -0.000911075 -1.97198 -3.94809 -1.19846 0.00131354 -0.000680278
382.347 -0.000971818 -2.01726 -3.98439 -1.21112 0.00136832 -0.000724206
395.539 -0.00103579 -2.06293 -4.02033 -1.22365 0.00142493 -0.000770535
409.318 -0.00110313 -2.10898 -4.0559 -1.23604 0.00148341 -0.000819377
423.717 -0.00117398 -2.15541 -4.09111 -1.24829 0.00154382 -0.000870854
438.775 -0.0012485 -2.2022 -4.12596 -1.26041 0.00160619 -0.00092509
