2.19896 1.45227e-08 -0.000635012 -0.0556605 -0.0154583 3.03657e-06 -6.29058e-09
4.39978 4.67274e-08 -0.00190498 -0.111311 -0.0309169 5.91673e-06 -1.35106e-08
6.60368 9.92881e-08 -0.00380976 -0.166944 -0.0463756 8.6497e-06 -1.87583e-08
8.81189 1.74381e-07 -0.00634918 -0.222554 -0.0618339 1.12447e-05 -1.92673e-08
11.0257 2.73681e-07 -0.00952294 -0.278133 -0.0772915 1.37112e-05 -1.24123e-08
13.2462 3.98354e-07 -0.0133307 -0.333675 -0.0927479 1.60587e-05 4.28801e-09
15.4749 5.49051e-07 -0.017772 -0.389173 -0.108203 1.82969e-05 3.31661e-08
17.7128 7.25901e-07 -0.0228464 -0.444621 -0.123656 2.04356e-05 7.64013e-08
19.9614 9.28506e-07 -0.0285532 -0.500011 -0.139107 2.24849e-05 1.36014e-07
22.2219 1.15592e-06 -0.0348918 -0.555337 -0.154555 2.4455e-05 2.13859e-07
24.4955 1.40667e-06 -0.0418615 -0.610593 -0.169999 2.63562e-05 3.11621e-07
26.7838 1.6787e-06 -0.0494614 -0.665771 -0.185441 2.81992e-05 4.30806e-07
29.0879 1.96941e-06 -0.0576906 -0.720865 -0.200878 2.99947e-05 5.72732e-07
31.4092 2.27559e-06 -0.0665483 -0.775868 -0.216311 3.17539e-05 7.38523e-07
33.7493 2.59348e-06 -0.0760332 -0.830774 -0.23174 3.3488e-05 9.29102e-07
36.1094 2.91867e-06 -0.0861443 -0.885576 -0.247163 3.52085e-05 1.14518e-06
38.4911 3.24616e-06 -0.0968804 -0.940267 -0.26258 3.69272e-05 1.38723e-06
40.8958 3.57033e-06 -0.10824 -0.994841 -0.277991 3.86562e-05 1.65552e-06
43.325 3.88487e-06 -0.120222 -1.04929 -0.293396 4.04079e-05 1.95004e-06
45.7804 4.18286e-06 -0.132826 -1.10361 -0.308793 4.21948e-05 2.27056e-06
48.2634 4.45666e-06 -0.146048 -1.1578 -0.324183 4.403e-05 2.61653e-06
50.7757 4.69795e-06 -0.159888 -1.21184 -0.339565 4.59267e-05 2.98718e-06
53.3191 4.89772e-06 -0.174345 -1.26573 -0.354938 4.78983e-05 3.38138e-06
55.8951 5.0462e-06 -0.189416 -1.31946 -0.370302 4.9959e-05 3.79773e-06
58.5057 5.13288e-06 -0.205099 -1.37304 -0.385657 5.21229e-05 4.23449e-06
61.1525 5.14648e-06 -0.221394 -1.42644 -0.401001 5.44047e-05 4.68958e-06
63.8376 5.07493e-06 -0.238297 -1.47967 -0.416334 5.68193e-05 5.16055e-06
66.5628 4.90537e-06 -0.255806 -1.53272 -0.431656 5.93821e-05 5.64457e-06
69.3301 4.62408e-06 -0.273921 -1.58558 -0.446965 6.21088e-05 6.13843e-06
72.1416 4.2165e-06 -0.292638 -1.63825 -0.462262 6.50157e-05 6.63848e-06
74.9995 3.66719e-06 -0.311954 -1.69072 -0.477546 6.81193e-05 7.14066e-06
77.906 2.9598e-06 -0.331869 -1.74299 -0.492815 7.14364e-05 7.64042e-06
80.8633 2.07705e-06 -0.35238 -1.79504 -0.50807 7.49847e-05 8.13275e-06
83.8739 1.00072e-06 -0.373483 -1.84687 -0.523309 7.87818e-05 8.61213e-06
86.9402 -2.88403e-07 -0.395176 -1.89848 -0.538533 8.28462e-05 9.07251e-06
90.0648 -1.81054e-06 -0.417458 -1.94987 -0.553739 8.71966e-05 9.50727e-06
93.2504 -3.58697e-06 -0.440324 -2.00101 -0.568927 9.18522e-05 9.90923e-06
96.4996 -5.64e-06 -0.463773 -2.05192 -0.584096 9.68327e-05 1.02706e-05
99.8155 -7.99309e-06 -0.487801 -2.10258 -0.599246 0.000102158 1.05829e-05
103.201 -1.06708e-05 -0.512405 -2.15299 -0.614376 0.00010785 1.0837e-05
106.659 -1.36989e-05 -0.537583 -2.20315 -0.629484 0.000113929 1.10232e-05
110.194 -1.71043e-05 -0.563332 -2.25304 -0.64457 0.000120417 1.11308e-05
113.807 -2.09152e-05 -0.589648 -2.30266 -0.659632 0.000127336 1.11485e-05
117.504 -2.51611e-05 -0.616528 -2.35201 -0.67467 0.000134709 1.10642e-05
121.287 -2.98728e-05 -0.643969 -2.40108 -0.689682 0.00014256 1.08648e-05
125.161 -3.50824e-05 -0.671968 -2.44987 -0.704668 0.000150913 1.05365e-05
129.13 -4.08235e-05 -0.700521 -2.49837 -0.719626 0.000159792 1.00644e-05
133.197 -4.71311e-05 -0.729625 -2.54657 -0.734555 0.000169222 9.43268e-06
137.368 -5.40417e-05 -0.759276 -2.59448 -0.749454 0.00017923 8.6245e-06
141.647 -6.15934e-05 -0.78947 -2.64209 -0.76432 0.000189842 7.62189e-06
146.039 -6.98259e-05 -0.820205 -2.68939 -0.779154 0.000201085 6.40576e-06
150.549 -7.87803e-05 -0.851475 -2.73638 -0.793953 0.000212987 4.95583e-06
155.182 -8.84998e-05 -0.883278 -2.78305 -0.808716 0.000225576 3.25053e-06
159.945 -9.90291e-05 -0.91561 -2.8294 -0.823442 0.000238882 1.267e-06
164.842 -0.000110415 -0.948466 -2.87543 -0.838128 0.000252934 -1.01903e-06
169.881 -0.000122705 -0.981843 -2.92113 -0.852774 0.000267763 -3.6333e-06
175.068 -0.000135951 -1.01574 -2.9665 -0.867377 0.000283401 -6.60307e-06
180.41 -0.000150204 -1.05014 -3.01153 -0.881935 0.000299878 -9.95724e-06
185.914 -0.00016552 -1.08506 -3.05622 -0.896446 0.000317229 -1.37264e-05
191.588 -0.000181954 -1.12048 -3.10058 -0.910909 0.000335487 -1.7943e-05
197.44 -0.000199566 -1.1564 -3.14458 -0.925322 0.000354686 -2.26412e-05
203.479 -0.000218417 -1.19281 -3.18824 -0.939682 0.000374861 -2.78574e-05
209.713 -0.00023857 -1.22972 -3.23154 -0.953986 0.000396049 -3.36299e-05
216.153 -0.000260091 -1.26711 -3.2745 -0.968234 0.000418286 -3.99994e-05
222.808 -0.00028305 -1.30499 -3.31709 -0.982421 0.00044161 -4.70087e-05
229.689 -0.000307517 -1.34334 -3.35933 -0.996546 0.00046606 -5.47034e-05
236.808 -0.000333565 -1.38217 -3.4012 -1.0106 0.000491675 -6.31314e-05
244.176 -0.000361273 -1.42146 -3.44271 -1.0246 0.000518495 -7.23436e-05
251.807 -0.00039072 -1.46122 -3.48386 -1.03852 0.000546561 -8.23936e-05
259.713 -0.000421988 -1.50144 -3.52464 -1.05236 0.000575917 -9.33382e-05
267.91 -0.000455163 -1.54211 -3.56505 -1.06613 0.000606604 -0.000105237
276.412 -0.000490336 -1.58323 -3.60509 -1.07982 0.000638668 -0.000118155
285.235 -0.000527598 -1.6248 -3.64476 -1.09342 0.000672152 -0.000132158
294.397 -0.000567046 -1.6668 -3.68406 -1.10694 0.000707103 -0.000147317
303.916 -0.000608779 -1.70924 -3.72299 -1.12037 0.000743567 -0.000163707
313.812 -0.000652902 -1.75211 -3.76155 -1.1337 0.000781593 -0.000181409
324.104 -0.000699522 -1.7954 -3.79973 -1.14693 0.00082123 -0.000200506
334.815 -0.000748751 -1.83911 -3.83755 -1.16005 0.000862526 -0.000221086
345.97 -0.000800705 -1.88323 -3.87499 -1.17307 0.000905534 -0.000243246
357.591 -0.000855503 -1.92777 -3.91206 -1.18598 0.000950303 -0.000267083
369.707 -0.000913273 -1.9727 -3.94877 -1.19876 0.000996888 -0.000292704
382.347 -0.000974143 -2.01803 -3.9851 -1.21143 0.00104534 -0.00032022
395.539 -0.00103825 -2.06375 -4.02107 -1.22397 0.00109572 -0.000349751
409.318 -0.00110573 -2.10986 -4.05668 -1.23637 0.00114807 -0.000381421
423.717 -0.00117673 -2.15634 -4.09192 -1.24864 0.00120247 -0.000415364
438.775 -0.0012514 -2.2032 -4.1268 -1.26076 0.00125895 -0.00045172
