2.19896 1.87501e-08 -0.000887432 -0.0715465 -0.0162283 8.46397e-06 -9.33936e-08
4.39978 6.12326e-08 -0.00266212 -0.143075 -0.0324568 1.67592e-05 -2.74941e-07
6.60368 1.31784e-07 -0.00532374 -0.214575 -0.0486849 2.48972e-05 -5.41642e-07
8.81189 2.33983e-07 -0.00887178 -0.286034 -0.0649121 3.28893e-05 -8.90772e-07
11.0257 3.70646e-07 -0.0133056 -0.357442 -0.0811377 4.07473e-05 -1.31988e-06
13.2462 5.43815e-07 -0.0186243 -0.428787 -0.0973611 4.84829e-05 -1.8268e-06
15.4749 7.54749e-07 -0.0248269 -0.500059 -0.113582 5.6108e-05 -2.40964e-06
17.7128 1.00392e-06 -0.0319123 -0.571245 -0.1298 6.36346e-05 -3.06681e-06
19.9614 1.29098e-06 -0.0398789 -0.642334 -0.146013 7.10751e-05 -3.79699e-06
22.2219 1.61477e-06 -0.0487254 -0.713317 -0.162223 7.84416e-05 -4.59918e-06
24.4955 1.97332e-06 -0.05845 -0.784181 -0.178427 8.57467e-05 -5.47268e-06
26.7838 2.36379e-06 -0.0690509 -0.854915 -0.194626 9.30032e-05 -6.41708e-06
29.0879 2.78248e-06 -0.080526 -0.925509 -0.210818 0.000100224 -7.43231e-06
31.4092 3.22484e-06 -0.092873 -0.995951 -0.227004 0.000107422 -8.51861e-06
33.7493 3.68539e-06 -0.10609 -1.06623 -0.243182 0.00011461 -9.67654e-06
36.1094 4.15778e-06 -0.120173 -1.13634 -0.259352 0.000121802 -1.0907e-05
38.4911 4.6347e-06 -0.135121 -1.20626 -0.275513 0.000129011 -1.22113e-05
40.8958 5.1079e-06 -0.150931 -1.27598 -0.291665 0.000136252 -1.3591e-05
43.325 5.56817e-06 -0.167598 -1.3455 -0.307807 0.000143538 -1.5048e-05
45.7804 6.00531e-06 -0.185121 -1.41481 -0.323938 0.000150884 -1.65848e-05
48.2634 6.40809e-06 -0.203495 -1.48388 -0.340057 0.000158303 -1.8204e-05
50.7757 6.76427e-06 -0.222718 -1.55272 -0.356165 0.000165812 -1.99087e-05
53.3191 7.06054e-06 -0.242784 -1.62131 -0.372259 0.000173424 -2.17025e-05
55.8951 7.2825e-06 -0.263691 -1.68964 -0.38834 0.000181155 -2.35894e-05
58.5057 7.41466e-06 -0.285435 -1.75771 -0.404406 0.00018902 -2.55736e-05
61.1525 7.44039e-06 -0.30801 -1.82549 -0.420457 0.000197035 -2.766e-05
63.8376 7.34189e-06 -0.331413 -1.89298 -0.436492 0.000205216 -2.98538e-05
66.5628 7.10019e-06 -0.355639 -1.96017 -0.45251 0.00021358 -3.21609e-05
69.3301 6.69507e-06 -0.380682 -2.02706 -0.46851 0.000222142 -3.45874e-05
72.1416 6.10509e-06 -0.40654 -2.09362 -0.484492 0.00023092 -3.714e-05
74.9995 5.30753e-06 -0.433205 -2.15985 -0.500454 0.00023993 -3.98261e-05
77.906 4.27834e-06 -0.460672 -2.22575 -0.516396 0.000249191 -4.26533e-05
80.8633 2.99215e-06 -0.488938 -2.29129 -0.532316 0.000258719 -4.563e-05
83.8739 1.42219e-06 -0.517994 -2.35648 -0.548214 0.000268533 -4.87652e-05
86.9402 -4.59713e-07 -0.547837 -2.4213 -0.564088 0.000278652 -5.20684e-05
90.0648 -2.68318e-06 -0.578459 -2.48574 -0.579938 0.000289093 -5.55497e-05
93.2504 -5.27932e-06 -0.609855 -2.54979 -0.595763 0.000299876 -5.92199e-05
96.4996 -8.28078e-06 -0.642019 -2.61345 -0.61156 0.000311021 -6.30904e-05
99.8155 -1.17218e-05 -0.674943 -2.67671 -0.62733 0.000322547 -6.71734e-05
103.201 -1.56381e-05 -0.708622 -2.73955 -0.64307 0.000334474 -7.14817e-05
106.659 -2.00672e-05 -0.743048 -2.80197 -0.658781 0.000346823 -7.60289e-05
110.194 -2.50482e-05 -0.778214 -2.86396 -0.674459 0.000359614 -8.08295e-05
113.807 -3.06221e-05 -0.814113 -2.92552 -0.690105 0.00037287 -8.58986e-05
117.504 -3.68315e-05 -0.850739 -2.98662 -0.705716 0.000386611 -9.12523e-05
121.287 -4.37209e-05 -0.888082 -3.04727 -0.721292 0.00040086 -9.69075e-05
125.161 -5.13368e-05 -0.926136 -3.10746 -0.73683 0.000415639 -0.000102882
129.13 -5.97275e-05 -0.964894 -3.16718 -0.752329 0.000430972 -0.000109194
133.197 -6.89433e-05 -1.00435 -3.22643 -0.767788 0.000446881 -0.000115865
137.368 -7.90366e-05 -1.04448 -3.28519 -0.783205 0.000463391 -0.000122914
141.647 -9.00618e-05 -1.0853 -3.34345 -0.798579 0.000480525 -0.000130363
146.039 -0.000102076 -1.12679 -3.40122 -0.813906 0.000498309 -0.000138236
150.549 -0.000115137 -1.16893 -3.45849 -0.829186 0.000516769 -0.000146557
155.182 -0.000129307 -1.21173 -3.51524 -0.844417 0.000535929 -0.000155351
159.945 -0.000144649 -1.25518 -3.57147 -0.859597 0.000555816 -0.000164644
164.842 -0.000161229 -1.29925 -3.62718 -0.874723 0.000576456 -0.000174466
169.881 -0.000179116 -1.34395 -3.68237 -0.889794 0.000597878 -0.000184844
175.068 -0.00019838 -1.38927 -3.73701 -0.904806 0.000620109 -0.000195811
180.41 -0.000219094 -1.43519 -3.79112 -0.919759 0.000643177 -0.000207398
185.914 -0.000241336 -1.4817 -3.84468 -0.934649 0.000667112 -0.000219639
191.588 -0.000265185 -1.5288 -3.8977 -0.949474 0.000691942 -0.000232571
197.44 -0.000290721 -1.57648 -3.95016 -0.964231 0.000717698 -0.00024623
203.479 -0.00031803 -1.62472 -4.00206 -0.978918 0.00074441 -0.000260656
209.713 -0.0003472 -1.67351 -4.0534 -0.993531 0.00077211 -0.000275889
216.153 -0.000378322 -1.72285 -4.10418 -1.00807 0.00080083 -0.000291974
222.808 -0.00041149 -1.77271 -4.15438 -1.02253 0.000830601 -0.000308955
229.689 -0.0004468 -1.8231 -4.20402 -1.0369 0.000861457 -0.000326881
236.808 -0.000484355 -1.874 -4.25308 -1.05119 0.000893432 -0.000345799
244.176 -0.000524258 -1.9254 -4.30157 -1.06539 0.000926559 -0.000365764
251.807 -0.000566617 -1.97728 -4.34948 -1.0795 0.000960873 -0.000386829
259.713 -0.000611543 -2.02963 -4.39681 -1.09351 0.000996411 -0.000409052
267.91 -0.000659151 -2.08245 -4.44356 -1.10742 0.00103321 -0.000432494
276.412 -0.000709561 -2.13572 -4.48973 -1.12123 0.0010713 -0.000457216
285.235 -0.000762895 -2.18942 -4.53532 -1.13493 0.00111072 -0.000483287
294.397 -0.000819281 -2.24355 -4.58033 -1.14851 0.00115152 -0.000510773
303.916 -0.000878849 -2.29809 -4.62476 -1.16198 0.00119372 -0.00053975
313.812 -0.000941734 -2.35303 -4.66861 -1.17533 0.00123737 -0.000570292
324.104 -0.00100808 -2.40836 -4.71188 -1.18854 0.00128251 -0.000602481
334.815 -0.00107802 -2.46405 -4.75457 -1.20163 0.00132918 -0.000636399
345.97 -0.00115172 -2.52011 -4.79669 -1.21458 0.00137741 -0.000672135
357.591 -0.00122932 -2.57651 -4.83824 -1.22739 0.00142725 -0.00070978
369.707 -0.00131098 -2.63324 -4.87923 -1.24005 0.00147875 -0.000749433
382.347 -0.00139686 -2.69028 -4.91965 -1.25256 0.00153194 -0.000791194
395.539 -0.00148714 -2.74762 -4.95951 -1.2649 0.00158686 -0.000835169
409.318 -0.00158198 -2.80525 -4.99881 -1.27709 0.00164357 -0.00088147
423.717 -0.00168157 -2.86316 -5.03756 -1.2891 0.0017021 -0.000930215
438.775 -0.00178609 -2.92131 -5.07577 -1.30093 0.00176249 -0.000981527
