2.19896 1.86156e-08 -0.000887476 -0.0715477 -0.0162329 2.25788e-06 7.77898e-09
4.39978 6.10184e-08 -0.00266225 -0.143078 -0.032466 4.34179e-06 2.95123e-08
6.60368 1.31545e-07 -0.00532398 -0.214578 -0.0486986 6.26388e-06 6.84393e-08
8.81189 2.33777e-07 -0.00887217 -0.286038 -0.0649303 8.03643e-06 1.27542e-07
11.0257 3.7053e-07 -0.0133061 -0.357447 -0.0811604 9.67185e-06 2.09538e-07
13.2462 5.43847e-07 -0.018625 -0.428793 -0.0973884 1.11827e-05 3.16883e-07
15.4749 7.5499e-07 -0.0248279 -0.500064 -0.113614 1.25817e-05 4.51758e-07
17.7128 1.00443e-06 -0.0319134 -0.571251 -0.129836 1.38817e-05 6.1607e-07
19.9614 1.29182e-06 -0.0398803 -0.642341 -0.146054 1.50958e-05 8.11443e-07
22.2219 1.61602e-06 -0.048727 -0.713323 -0.162268 1.62371e-05 1.03921e-06
24.4955 1.97503e-06 -0.0584519 -0.784187 -0.178477 1.7319e-05 1.30043e-06
26.7838 2.36603e-06 -0.069053 -0.854922 -0.19468 1.83552e-05 1.59582e-06
29.0879 2.78533e-06 -0.0805283 -0.925516 -0.210877 1.93595e-05 1.92583e-06
31.4092 3.22837e-06 -0.0928756 -0.995958 -0.227067 2.03458e-05 2.29056e-06
33.7493 3.68969e-06 -0.106093 -1.06624 -0.243249 2.13283e-05 2.68981e-06
36.1094 4.16292e-06 -0.120176 -1.13634 -0.259424 2.23214e-05 3.12303e-06
38.4911 4.64077e-06 -0.135125 -1.20626 -0.27559 2.33399e-05 3.58933e-06
40.8958 5.115e-06 -0.150934 -1.27599 -0.291746 2.43986e-05 4.08745e-06
43.325 5.57638e-06 -0.167602 -1.34551 -0.307892 2.55127e-05 4.61578e-06
45.7804 6.01473e-06 -0.185125 -1.41482 -0.324028 2.66975e-05 5.17234e-06
48.2634 6.41883e-06 -0.2035 -1.48389 -0.340152 2.79687e-05 5.75472e-06
50.7757 6.77644e-06 -0.222723 -1.55273 -0.356264 2.93423e-05 6.36015e-06
53.3191 7.07425e-06 -0.24279 -1.62132 -0.372363 3.08344e-05 6.98542e-06
55.8951 7.29788e-06 -0.263698 -1.68965 -0.388448 3.24616e-05 7.62689e-06
58.5057 7.43184e-06 -0.285442 -1.75772 -0.404519 3.42405e-05 8.28047e-06
61.1525 7.45949e-06 -0.308018 -1.8255 -0.420574 3.61883e-05 8.94162e-06
63.8376 7.36306e-06 -0.331421 -1.89299 -0.436614 3.83224e-05 9.60531e-06
66.5628 7.12357e-06 -0.355648 -1.96019 -0.452636 4.06604e-05 1.0266e-05
69.3301 6.72083e-06 -0.380693 -2.02707 -0.468641 4.32203e-05 1.09177e-05
72.1416 6.13339e-06 -0.406551 -2.09364 -0.484627 4.60206e-05 1.15537e-05
74.9995 5.33854e-06 -0.433217 -2.15987 -0.500594 4.90799e-05 1.2167e-05
77.906 4.31225e-06 -0.460686 -2.22577 -0.51654 5.24172e-05 1.27499e-05
80.8633 3.02914e-06 -0.488953 -2.29132 -0.532465 5.60519e-05 1.3294e-05
83.8739 1.46245e-06 -0.518011 -2.3565 -0.548368 6.00038e-05 1.37904e-05
86.9402 -4.15965e-07 -0.547856 -2.42133 -0.564247 6.42929e-05 1.42295e-05
90.0648 -2.63573e-06 -0.57848 -2.48577 -0.580101 6.89398e-05 1.46011e-05
93.2504 -5.22796e-06 -0.609878 -2.54983 -0.59593 7.39653e-05 1.48941e-05
96.4996 -8.22526e-06 -0.642044 -2.61349 -0.611732 7.93907e-05 1.5097e-05
99.8155 -1.16618e-05 -0.674971 -2.67675 -0.627507 8.52377e-05 1.51973e-05
103.201 -1.55735e-05 -0.708653 -2.7396 -0.643252 9.15284e-05 1.51817e-05
106.659 -1.99977e-05 -0.743082 -2.80203 -0.658967 9.82852e-05 1.50361e-05
110.194 -2.49736e-05 -0.778252 -2.86402 -0.67465 0.000105531 1.47457e-05
113.807 -3.0542e-05 -0.814156 -2.92558 -0.690301 0.000113289 1.42947e-05
117.504 -3.67457e-05 -0.850785 -2.9867 -0.705917 0.000121584 1.36661e-05
121.287 -4.36291e-05 -0.888134 -3.04735 -0.721497 0.000130439 1.28425e-05
125.161 -5.12387e-05 -0.926193 -3.10755 -0.73704 0.00013988 1.18049e-05
129.13 -5.96228e-05 -0.964956 -3.16728 -0.752545 0.00014993 1.05336e-05
133.197 -6.88317e-05 -1.00441 -3.22653 -0.768008 0.000160617 9.00765e-06
137.368 -7.89178e-05 -1.04456 -3.2853 -0.78343 0.000171966 7.20501e-06
141.647 -8.99356e-05 -1.08538 -3.34357 -0.798808 0.000184005 5.10238e-06
146.039 -0.000101942 -1.12688 -3.40135 -0.814141 0.000196759 2.6752e-06
150.549 -0.000114995 -1.16903 -3.45863 -0.829426 0.000210256 -1.02386e-07
155.182 -0.000129157 -1.21184 -3.51539 -0.844662 0.000224526 -3.25765e-06
159.945 -0.00014449 -1.25529 -3.57163 -0.859846 0.000239596 -6.81929e-06
164.842 -0.000161061 -1.29938 -3.62736 -0.874977 0.000255496 -1.08175e-05
169.881 -0.000178938 -1.34409 -3.68255 -0.890053 0.000272256 -1.52841e-05
175.068 -0.000198193 -1.38942 -3.73721 -0.905071 0.000289906 -2.02526e-05
180.41 -0.000218898 -1.43535 -3.79134 -0.920028 0.000308476 -2.57582e-05
185.914 -0.00024113 -1.48188 -3.84491 -0.934923 0.000327998 -3.18378e-05
191.588 -0.000264968 -1.529 -3.89794 -0.949753 0.000348505 -3.85304e-05
197.44 -0.000290494 -1.57669 -3.95042 -0.964515 0.000370029 -4.5877e-05
203.479 -0.000317793 -1.62495 -4.00234 -0.979207 0.000392602 -5.39206e-05
209.713 -0.000346953 -1.67376 -4.05369 -0.993826 0.00041626 -6.27063e-05
216.153 -0.000378064 -1.72311 -4.10449 -1.00837 0.000441035 -7.22819e-05
222.808 -0.000411221 -1.773 -4.15471 -1.02283 0.000466963 -8.26971e-05
229.689 -0.000446522 -1.82341 -4.20437 -1.03721 0.000494079 -9.40046e-05
236.808 -0.000484066 -1.87433 -4.25345 -1.05151 0.00052242 -0.00010626
244.176 -0.00052396 -1.92575 -4.30196 -1.06571 0.000552022 -0.00011952
251.807 -0.000566309 -1.97766 -4.34989 -1.07982 0.000582922 -0.000133847
259.713 -0.000611226 -2.03004 -4.39724 -1.09384 0.000615158 -0.000149304
267.91 -0.000658826 -2.08289 -4.44401 -1.10776 0.000648768 -0.000165959
276.412 -0.000709228 -2.13619 -4.49021 -1.12157 0.000683792 -0.000183882
285.235 -0.000762556 -2.18993 -4.53582 -1.13527 0.000720269 -0.000203148
294.397 -0.000818936 -2.24409 -4.58085 -1.14886 0.000758238 -0.000223835
303.916 -0.000878499 -2.29867 -4.62531 -1.16233 0.000797741 -0.000246024
313.812 -0.000941382 -2.35365 -4.66918 -1.17568 0.000838818 -0.000269803
324.104 -0.00100772 -2.40901 -4.71248 -1.18891 0.000881511 -0.000295261
334.815 -0.00107767 -2.46475 -4.7552 -1.202 0.000925862 -0.000322495
345.97 -0.00115137 -2.52085 -4.79735 -1.21496 0.000971914 -0.000351604
357.591 -0.00122897 -2.5773 -4.83893 -1.22777 0.00101971 -0.000382693
369.707 -0.00131064 -2.63408 -4.87994 -1.24043 0.00106929 -0.000415873
382.347 -0.00139654 -2.69117 -4.92039 -1.25294 0.0011207 -0.000451261
395.539 -0.00148683 -2.74857 -4.96028 -1.2653 0.00117399 -0.000488978
409.318 -0.00158169 -2.80626 -4.99962 -1.27748 0.0012292 -0.000529153
423.717 -0.00168131 -2.86423 -5.03841 -1.2895 0.00128636 -0.000571921
438.775 -0.00178585 -2.92245 -5.07665 -1.30133 0.00134554 -0.000617425
