2.19896 2.27065e-08 -0.00115637 -0.0879437 -0.0164557 3.04351e-05 -4.62873e-07
4.39978 7.71082e-08 -0.00346878 -0.175861 -0.0329114 6.06685e-05 -1.39368e-06
6.60368 1.69438e-07 -0.00693666 -0.263735 -0.0493666 9.06992e-05 -2.78821e-06
8.81189 3.04888e-07 -0.0115591 -0.351551 -0.0658207 0.000120526 -4.64213e-06
11.0257 4.87602e-07 -0.0173351 -0.439291 -0.0822729 0.000150149 -6.95096e-06
13.2462 7.20658e-07 -0.0242631 -0.52694 -0.0987228 0.000179567 -9.71012e-06
15.4749 1.00606e-06 -0.0323413 -0.614481 -0.11517 0.000208779 -1.29149e-05
17.7128 1.34472e-06 -0.0415679 -0.701898 -0.131613 0.000237786 -1.65604e-05
19.9614 1.73645e-06 -0.0519406 -0.789176 -0.148051 0.000266588 -2.06418e-05
22.2219 2.17994e-06 -0.0634566 -0.876298 -0.164485 0.000295184 -2.5154e-05
24.4955 2.67272e-06 -0.0761134 -0.963247 -0.180914 0.000323577 -3.00918e-05
26.7838 3.21119e-06 -0.0899076 -1.05001 -0.197336 0.000351765 -3.54501e-05
29.0879 3.79056e-06 -0.104836 -1.13657 -0.213751 0.000379752 -4.12235e-05
31.4092 4.40485e-06 -0.120895 -1.22291 -0.230158 0.000407537 -4.74067e-05
33.7493 5.04683e-06 -0.13808 -1.30901 -0.246557 0.000435123 -5.39942e-05
36.1094 5.70806e-06 -0.156387 -1.39486 -0.262947 0.000462511 -6.09805e-05
38.4911 6.37883e-06 -0.175812 -1.48045 -0.279328 0.000489705 -6.836e-05
40.8958 7.04812e-06 -0.196349 -1.56575 -0.295698 0.000516707 -7.61272e-05
43.325 7.70361e-06 -0.217994 -1.65076 -0.312056 0.000543519 -8.42764e-05
45.7804 8.33162e-06 -0.240742 -1.73545 -0.328403 0.000570146 -9.2802e-05
48.2634 8.91711e-06 -0.264586 -1.81981 -0.344737 0.000596591 -0.000101698
50.7757 9.44364e-06 -0.289521 -1.90384 -0.361058 0.000622859 -0.00011096
53.3191 9.89333e-06 -0.31554 -1.9875 -0.377365 0.000648954 -0.000120581
55.8951 1.02469e-05 -0.342637 -2.07079 -0.393656 0.000674881 -0.000130556
58.5057 1.04834e-05 -0.370805 -2.15369 -0.409931 0.000700646 -0.000140879
61.1525 1.05806e-05 -0.400038 -2.23619 -0.42619 0.000726255 -0.000151545
63.8376 1.05145e-05 -0.430327 -2.31828 -0.442431 0.000751714 -0.000162549
66.5628 1.02597e-05 -0.461665 -2.39993 -0.458653 0.000777031 -0.000173885
69.3301 9.78898e-06 -0.494044 -2.48113 -0.474856 0.000802212 -0.000185547
72.1416 9.07359e-06 -0.527456 -2.56188 -0.491039 0.000827266 -0.000197532
74.9995 8.08301e-06 -0.561892 -2.64216 -0.5072 0.000852202 -0.000209833
77.906 6.785e-06 -0.597345 -2.72194 -0.523338 0.000877028 -0.000222447
80.8633 5.14555e-06 -0.633803 -2.80123 -0.539454 0.000901754 -0.000235368
83.8739 3.12879e-06 -0.67126 -2.88 -0.555544 0.00092639 -0.000248592
86.9402 6.97031e-07 -0.709704 -2.95825 -0.571609 0.000950947 -0.000262115
90.0648 -2.18936e-06 -0.749125 -3.03595 -0.587647 0.000975437 -0.000275933
93.2504 -5.57197e-06 -0.789515 -3.11311 -0.603657 0.000999871 -0.000290042
96.4996 -9.49435e-06 -0.830862 -3.18969 -0.619638 0.00102426 -0.000304439
99.8155 -1.40021e-05 -0.873155 -3.2657 -0.635588 0.00104862 -0.000319121
103.201 -1.9143e-05 -0.916384 -3.34112 -0.651507 0.00107297 -0.000334085
106.659 -2.49669e-05 -0.960537 -3.41594 -0.667393 0.00109731 -0.000349329
110.194 -3.15259e-05 -1.0056 -3.49015 -0.683244 0.00112167 -0.00036485
113.807 -3.88742e-05 -1.05157 -3.56373 -0.699059 0.00114606 -0.000380648
117.504 -4.70685e-05 -1.09843 -3.63668 -0.714837 0.0011705 -0.000396722
121.287 -5.61677e-05 -1.14616 -3.70898 -0.730576 0.001195 -0.00041307
125.161 -6.62332e-05 -1.19475 -3.78063 -0.746275 0.00121958 -0.000429693
129.13 -7.73289e-05 -1.2442 -3.8516 -0.761931 0.00124427 -0.000446592
133.197 -8.95212e-05 -1.29448 -3.9219 -0.777544 0.00126907 -0.000463768
137.368 -0.000102879 -1.34559 -3.99152 -0.793111 0.00129402 -0.000481222
141.647 -0.000117474 -1.39751 -4.06043 -0.80863 0.00131914 -0.000498958
146.039 -0.000133381 -1.45023 -4.12865 -0.8241 0.00134443 -0.000516979
150.549 -0.000150676 -1.50372 -4.19615 -0.839519 0.00136994 -0.000535289
155.182 -0.000169441 -1.55799 -4.26292 -0.854884 0.00139568 -0.000553893
159.945 -0.000189756 -1.613 -4.32897 -0.870194 0.00142168 -0.000572797
164.842 -0.00021171 -1.66875 -4.39428 -0.885446 0.00144795 -0.000592009
169.881 -0.00023539 -1.72523 -4.45885 -0.900638 0.00147454 -0.000611536
175.068 -0.000260889 -1.78241 -4.52266 -0.915768 0.00150147 -0.000631387
180.41 -0.000288302 -1.84028 -4.58571 -0.930832 0.00152876 -0.000651574
185.914 -0.000317727 -1.89882 -4.648 -0.94583 0.00155644 -0.000672107
191.588 -0.000349268 -1.95802 -4.70953 -0.960757 0.00158455 -0.000693
197.44 -0.000383028 -2.01785 -4.77027 -0.975611 0.00161312 -0.000714267
203.479 -0.000419117 -2.07831 -4.83024 -0.99039 0.00164217 -0.000735925
209.713 -0.000457648 -2.13938 -4.88942 -1.00509 0.00167174 -0.00075799
216.153 -0.000498736 -2.20103 -4.94782 -1.01971 0.00170187 -0.000780483
222.808 -0.000542502 -2.26325 -5.00542 -1.03424 0.00173259 -0.000803423
229.689 -0.000589069 -2.32602 -5.06223 -1.04869 0.00176393 -0.000826836
236.808 -0.000638565 -2.38932 -5.11824 -1.06304 0.00179593 -0.000850745
244.176 -0.000691121 -2.45314 -5.17346 -1.07729 0.00182864 -0.000875179
251.807 -0.000746874 -2.51744 -5.22787 -1.09145 0.00186208 -0.000900166
259.713 -0.000805962 -2.58222 -5.28149 -1.10551 0.0018963 -0.000925741
267.91 -0.000868529 -2.64746 -5.3343 -1.11945 0.00193133 -0.000951936
276.412 -0.000934724 -2.71312 -5.38632 -1.13329 0.00196723 -0.000978791
285.235 -0.0010047 -2.7792 -5.43753 -1.14701 0.00200402 -0.00100635
294.397 -0.00107861 -2.84567 -5.48795 -1.16061 0.00204176 -0.00103465
303.916 -0.00115662 -2.91251 -5.53758 -1.17408 0.00208049 -0.00106374
313.812 -0.00123889 -2.97969 -5.58641 -1.18743 0.00212024 -0.00109367
324.104 -0.0013256 -3.04721 -5.63446 -1.20064 0.00216108 -0.0011245
334.815 -0.00141692 -3.11502 -5.68172 -1.2137 0.00220303 -0.00115629
345.97 -0.00151302 -3.18312 -5.7282 -1.22663 0.00224616 -0.00118911
357.591 -0.0016141 -3.25148 -5.7739 -1.2394 0.0022905 -0.00122301
369.707 -0.00172034 -3.32007 -5.81884 -1.25202 0.0023361 -0.00125807
382.347 -0.00183193 -3.38887 -5.86302 -1.26447 0.00238301 -0.00129438
395.539 -0.00194907 -3.45786 -5.90645 -1.27675 0.00243128 -0.00133201
409.318 -0.00207197 -3.52702 -5.94913 -1.28886 0.00248096 -0.00137107
423.717 -0.00220082 -3.59631 -5.99107 -1.30079 0.00253209 -0.00141163
438.775 -0.00233585 -3.66572 -6.03229 -1.31253 0.00258472 -0.00145382
