2.19896 1.90769e-08 -0.00115694 -0.0879612 -0.0165207 1.64259e-05 -2.14094e-07
4.39978 6.25097e-08 -0.0034705 -0.175896 -0.0330415 3.26644e-05 -6.27799e-07
6.60368 1.36528e-07 -0.00694008 -0.263787 -0.0495617 4.87224e-05 -1.23741e-06
8.81189 2.46316e-07 -0.0115648 -0.351619 -0.0660807 6.4607e-05 -2.03933e-06
11.0257 3.96003e-07 -0.0173436 -0.439376 -0.0825978 8.03256e-05 -3.03004e-06
13.2462 5.88652e-07 -0.0242749 -0.527041 -0.0991124 9.58857e-05 -4.20615e-06
15.4749 8.26243e-07 -0.032357 -0.614599 -0.115624 0.000111295 -5.56437e-06
17.7128 1.10966e-06 -0.041588 -0.702032 -0.132132 0.000126561 -7.10151e-06
19.9614 1.43869e-06 -0.0519656 -0.789325 -0.148635 0.000141692 -8.81451e-06
22.2219 1.81196e-06 -0.0634871 -0.876462 -0.165133 0.000156696 -1.07004e-05
24.4955 2.227e-06 -0.0761497 -0.963427 -0.181625 0.000171581 -1.27565e-05
26.7838 2.68013e-06 -0.0899503 -1.0502 -0.198111 0.000186357 -1.498e-05
29.0879 3.16652e-06 -0.104886 -1.13678 -0.21459 0.000201032 -1.73685e-05
31.4092 3.68012e-06 -0.120952 -1.22313 -0.231061 0.000215615 -1.99195e-05
33.7493 4.21366e-06 -0.138145 -1.30925 -0.247523 0.000230116 -2.2631e-05
36.1094 4.75861e-06 -0.15646 -1.39511 -0.263976 0.000244544 -2.55007e-05
38.4911 5.30519e-06 -0.175894 -1.48071 -0.280419 0.00025891 -2.8527e-05
40.8958 5.84231e-06 -0.196441 -1.56603 -0.296852 0.000273223 -3.1708e-05
43.325 6.35754e-06 -0.218095 -1.65105 -0.313273 0.000287494 -3.50424e-05
45.7804 6.83714e-06 -0.240853 -1.73575 -0.329681 0.000301734 -3.85289e-05
48.2634 7.26595e-06 -0.264708 -1.82013 -0.346077 0.000315954 -4.21665e-05
50.7757 7.62744e-06 -0.289654 -1.90417 -0.362459 0.000330166 -4.59543e-05
53.3191 7.9036e-06 -0.315684 -1.98784 -0.378826 0.000344382 -4.98919e-05
55.8951 8.075e-06 -0.342793 -2.07115 -0.395178 0.000358613 -5.39788e-05
58.5057 8.12067e-06 -0.370974 -2.15406 -0.411513 0.000372872 -5.82151e-05
61.1525 8.01814e-06 -0.400219 -2.23657 -0.427832 0.000387172 -6.26011e-05
63.8376 7.74335e-06 -0.430521 -2.31867 -0.444132 0.000401527 -6.71372e-05
66.5628 7.27066e-06 -0.461872 -2.40033 -0.460413 0.00041595 -7.18245e-05
69.3301 6.57276e-06 -0.494266 -2.48155 -0.476674 0.000430456 -7.66641e-05
72.1416 5.6207e-06 -0.527692 -2.5623 -0.492914 0.000445059 -8.16577e-05
74.9995 4.38381e-06 -0.562143 -2.64259 -0.509132 0.000459773 -8.68071e-05
77.906 2.82965e-06 -0.597611 -2.72239 -0.525327 0.000474615 -9.21147e-05
80.8633 9.24008e-07 -0.634085 -2.80168 -0.541498 0.000489601 -9.75832e-05
83.8739 -1.36917e-06 -0.671557 -2.88047 -0.557644 0.000504746 -0.000103216
86.9402 -4.08782e-06 -0.710017 -2.95872 -0.573764 0.000520067 -0.000109017
90.0648 -7.27179e-06 -0.749456 -3.03644 -0.589856 0.000535583 -0.000114989
93.2504 -1.09629e-05 -0.789862 -3.1136 -0.60592 0.00055131 -0.000121138
96.4996 -1.5205e-05 -0.831227 -3.1902 -0.621953 0.000567268 -0.000127469
99.8155 -2.00439e-05 -0.873538 -3.26622 -0.637956 0.000583474 -0.000133987
103.201 -2.55276e-05 -0.916785 -3.34165 -0.653926 0.00059995 -0.0001407
106.659 -3.17064e-05 -0.960957 -3.41647 -0.669862 0.000616713 -0.000147613
110.194 -3.86326e-05 -1.00604 -3.49069 -0.685763 0.000633786 -0.000154734
113.807 -4.63608e-05 -1.05203 -3.56428 -0.701627 0.000651189 -0.000162072
117.504 -5.49479e-05 -1.0989 -3.63724 -0.717453 0.000668944 -0.000169636
121.287 -6.44534e-05 -1.14666 -3.70955 -0.733239 0.000687074 -0.000177435
125.161 -7.49389e-05 -1.19527 -3.7812 -0.748984 0.000705601 -0.00018548
129.13 -8.64689e-05 -1.24474 -3.85218 -0.764686 0.00072455 -0.000193783
133.197 -9.91099e-05 -1.29505 -3.92249 -0.780343 0.000743943 -0.000202355
137.368 -0.000112932 -1.34618 -3.99212 -0.795953 0.000763808 -0.00021121
141.647 -0.000128006 -1.39812 -4.06104 -0.811515 0.000784168 -0.000220363
146.039 -0.000144408 -1.45086 -4.12926 -0.827026 0.000805051 -0.000229827
150.549 -0.000162215 -1.50438 -4.19677 -0.842485 0.000826484 -0.00023962
155.182 -0.000181509 -1.55866 -4.26356 -0.85789 0.000848495 -0.00024976
159.945 -0.000202371 -1.6137 -4.32961 -0.873237 0.000871111 -0.000260264
164.842 -0.00022489 -1.66948 -4.39493 -0.888526 0.000894363 -0.000271152
169.881 -0.000249154 -1.72598 -4.45951 -0.903753 0.00091828 -0.000282447
175.068 -0.000275256 -1.78319 -4.52333 -0.918917 0.000942894 -0.000294169
180.41 -0.000303293 -1.84108 -4.58639 -0.934015 0.000968236 -0.000306345
185.914 -0.000333364 -1.89965 -4.64869 -0.949044 0.000994339 -0.000318998
191.588 -0.000365571 -1.95888 -4.71022 -0.964001 0.00102124 -0.000332157
197.44 -0.000400021 -2.01875 -4.77098 -0.978884 0.00104896 -0.000345851
203.479 -0.000436824 -2.07924 -4.83096 -0.99369 0.00107755 -0.000360109
209.713 -0.000476094 -2.14033 -4.89015 -1.00841 0.00110704 -0.000374966
216.153 -0.000517946 -2.20201 -4.94855 -1.02306 0.00113746 -0.000390455
222.808 -0.000562504 -2.26427 -5.00617 -1.03761 0.00116886 -0.000406614
229.689 -0.00060989 -2.32707 -5.06299 -1.05208 0.00120127 -0.000423481
236.808 -0.000660235 -2.3904 -5.11901 -1.06645 0.00123474 -0.000441098
244.176 -0.00071367 -2.45425 -5.17424 -1.08072 0.00126929 -0.000459509
251.807 -0.000770334 -2.51859 -5.22867 -1.0949 0.00130498 -0.000478761
259.713 -0.000830367 -2.58341 -5.28229 -1.10896 0.00134185 -0.000498902
267.91 -0.000893915 -2.64868 -5.33512 -1.12292 0.00137994 -0.000519986
276.412 -0.000961127 -2.71439 -5.38715 -1.13677 0.00141929 -0.000542066
285.235 -0.00103216 -2.7805 -5.43838 -1.15049 0.00145996 -0.000565203
294.397 -0.00110717 -2.84701 -5.48882 -1.1641 0.00150197 -0.000589458
303.916 -0.00118632 -2.91389 -5.53846 -1.17757 0.0015454 -0.000614896
313.812 -0.00126977 -2.98113 -5.58731 -1.19092 0.00159027 -0.000641588
324.104 -0.00135771 -3.04868 -5.63537 -1.20413 0.00163665 -0.000669606
334.815 -0.00145031 -3.11655 -5.68264 -1.21719 0.00168457 -0.00069903
345.97 -0.00154775 -3.18469 -5.72914 -1.23011 0.0017341 -0.00072994
357.591 -0.00165022 -3.2531 -5.77487 -1.24287 0.00178529 -0.000762425
369.707 -0.0017579 -3.32174 -5.81982 -1.25548 0.00183818 -0.000796576
382.347 -0.001871 -3.3906 -5.86402 -1.26792 0.00189284 -0.000832492
395.539 -0.00198972 -3.45965 -5.90747 -1.28018 0.00194931 -0.000870275
409.318 -0.00211426 -3.52886 -5.95017 -1.29227 0.00200765 -0.000910036
423.717 -0.00224484 -3.59821 -5.99214 -1.30418 0.00206793 -0.00095189
438.775 -0.00238167 -3.66768 -6.03338 -1.31589 0.00213019 -0.000995959
