2.19896 -5.24378e-11 -3.9136e-06 -0.00197834 -0.00386482 2.80614e-06 -3.75517e-09
4.39978 -1.48807e-10 -1.17432e-05 -0.00395714 -0.00773051 5.61203e-06 -1.01678e-08
6.60368 -2.85269e-10 -2.34931e-05 -0.0059366 -0.0115974 8.42262e-06 -1.92845e-08
8.81189 -4.56477e-10 -3.91695e-05 -0.00791692 -0.015466 1.12429e-05 -3.11931e-08
11.0257 -6.5559e-10 -5.878e-05 -0.0098983 -0.0193365 1.40777e-05 -4.60228e-08
13.2462 -8.74292e-10 -8.23342e-05 -0.011881 -0.0232094 1.69322e-05 -6.39439e-08
15.4749 -1.10282e-09 -0.000109843 -0.0138651 -0.027085 1.98112e-05 -8.5168e-08
17.7128 -1.33001e-09 -0.000141319 -0.0158509 -0.0309637 2.27197e-05 -1.09947e-07
19.9614 -1.54331e-09 -0.000176778 -0.0178386 -0.0348459 2.56628e-05 -1.38575e-07
22.2219 -1.72885e-09 -0.000216235 -0.0198284 -0.038732 2.86453e-05 -1.71385e-07
24.4955 -1.87147e-09 -0.000259708 -0.0218206 -0.0426223 3.16723e-05 -2.0875e-07
26.7838 -1.9548e-09 -0.000307217 -0.0238152 -0.0465173 3.47488e-05 -2.51084e-07
29.0879 -1.96129e-09 -0.000358785 -0.0258126 -0.0504173 3.78796e-05 -2.98841e-07
31.4092 -1.87227e-09 -0.000414434 -0.027813 -0.0543227 4.10699e-05 -3.52513e-07
33.7493 -1.66803e-09 -0.000474191 -0.0298166 -0.058234 4.43245e-05 -4.12633e-07
36.1094 -1.32787e-09 -0.000538082 -0.0318236 -0.0621516 4.76485e-05 -4.79769e-07
38.4911 -8.30146e-10 -0.000606138 -0.0338342 -0.0660758 5.10468e-05 -5.54533e-07
40.8958 -1.52369e-10 -0.00067839 -0.0358487 -0.0700071 5.45245e-05 -6.37572e-07
43.325 7.28771e-10 -0.000754872 -0.0378673 -0.0739459 5.80866e-05 -7.29574e-07
45.7804 1.83733e-09 -0.00083562 -0.0398903 -0.0778927 6.17382e-05 -8.31264e-07
48.2634 3.19807e-09 -0.000920672 -0.0419179 -0.0818479 6.54842e-05 -9.43406e-07
50.7757 4.83636e-09 -0.00101007 -0.0439503 -0.0858119 6.93299e-05 -1.06681e-06
53.3191 6.77821e-09 -0.00110385 -0.0459878 -0.0897853 7.32804e-05 -1.2023e-06
55.8951 9.05014e-09 -0.00120207 -0.0480307 -0.0937684 7.73408e-05 -1.35079e-06
58.5057 1.16792e-08 -0.00130477 -0.0500793 -0.0977619 8.15164e-05 -1.51318e-06
61.1525 1.46929e-08 -0.00141201 -0.0521338 -0.101766 8.58125e-05 -1.69045e-06
63.8376 1.81192e-08 -0.00152382 -0.0541944 -0.105781 9.02345e-05 -1.88361e-06
66.5628 2.19865e-08 -0.00164029 -0.0562615 -0.109809 9.47879e-05 -2.09371e-06
69.3301 2.63237e-08 -0.00176145 -0.0583354 -0.113848 9.94781e-05 -2.32186e-06
72.1416 3.11598e-08 -0.00188738 -0.0604164 -0.117901 0.000104311 -2.56919e-06
74.9995 3.65247e-08 -0.00201814 -0.0625048 -0.121966 0.000109292 -2.83692e-06
77.906 4.24483e-08 -0.00215381 -0.0646009 -0.126046 0.000114427 -3.12628e-06
80.8633 4.89611e-08 -0.00229444 -0.066705 -0.130141 0.000119723 -3.43858e-06
83.8739 5.6094e-08 -0.00244013 -0.0688174 -0.13425 0.000125184 -3.77519e-06
86.9402 6.38784e-08 -0.00259095 -0.0709386 -0.138375 0.000130819 -4.13752e-06
90.0648 7.23465e-08 -0.00274699 -0.0730689 -0.142517 0.000136632 -4.52706e-06
93.2504 8.15306e-08 -0.00290833 -0.0752086 -0.146676 0.000142632 -4.94536e-06
96.4996 9.14641e-08 -0.00307507 -0.0773581 -0.150852 0.000148824 -5.39404e-06
99.8155 1.02181e-07 -0.00324732 -0.0795178 -0.155047 0.000155216 -5.8748e-06
103.201 1.13716e-07 -0.00342516 -0.0816882 -0.159262 0.000161816 -6.38942e-06
106.659 1.26104e-07 -0.00360871 -0.0838696 -0.163496 0.00016863 -6.93975e-06
110.194 1.39383e-07 -0.00379809 -0.0860625 -0.167751 0.000175667 -7.52776e-06
113.807 1.5359e-07 -0.00399342 -0.0882673 -0.172027 0.000182935 -8.1555e-06
117.504 1.68765e-07 -0.00419481 -0.0904846 -0.176326 0.000190443 -8.82511e-06
121.287 1.84947e-07 -0.00440241 -0.0927147 -0.180647 0.000198199 -9.53886e-06
125.161 2.0218e-07 -0.00461635 -0.0949581 -0.184993 0.000206212 -1.02991e-05
129.13 2.20506e-07 -0.00483678 -0.0972155 -0.189364 0.000214493 -1.11085e-05
133.197 2.39971e-07 -0.00506386 -0.0994873 -0.193761 0.000223051 -1.19694e-05
137.368 2.60624e-07 -0.00529774 -0.101774 -0.198185 0.000231896 -1.28849e-05
141.647 2.82514e-07 -0.00553859 -0.104077 -0.202636 0.00024104 -1.38578e-05
146.039 3.05695e-07 -0.00578661 -0.106395 -0.207117 0.000250494 -1.48911e-05
150.549 3.30222e-07 -0.00604196 -0.10873 -0.211628 0.00026027 -1.59883e-05
155.182 3.56154e-07 -0.00630486 -0.111083 -0.21617 0.00027038 -1.71528e-05
159.945 3.83554e-07 -0.00657552 -0.113454 -0.220744 0.000280837 -1.83882e-05
164.842 4.12488e-07 -0.00685415 -0.115844 -0.225352 0.000291656 -1.96985e-05
169.881 4.43025e-07 -0.00714098 -0.118254 -0.229995 0.00030285 -2.10878e-05
175.068 4.75242e-07 -0.00743627 -0.120683 -0.234674 0.000314434 -2.25605e-05
180.41 5.09218e-07 -0.00774026 -0.123134 -0.239391 0.000326425 -2.41212e-05
185.914 5.45039e-07 -0.00805325 -0.125607 -0.244147 0.000338839 -2.5775e-05
191.588 5.82796e-07 -0.0083755 -0.128103 -0.248944 0.000351693 -2.75271e-05
197.44 6.22588e-07 -0.00870733 -0.130623 -0.253783 0.000365006 -2.9383e-05
203.479 6.6452e-07 -0.00904906 -0.133167 -0.258666 0.000378797 -3.13489e-05
209.713 7.08705e-07 -0.00940103 -0.135738 -0.263595 0.000393087 -3.3431e-05
216.153 7.55265e-07 -0.0097636 -0.138334 -0.268571 0.000407897 -3.56362e-05
222.808 8.04332e-07 -0.0101372 -0.140959 -0.273596 0.000423249 -3.79717e-05
229.689 8.56047e-07 -0.0105221 -0.143613 -0.278672 0.000439168 -4.04453e-05
236.808 9.10563e-07 -0.0109188 -0.146297 -0.283802 0.000455679 -4.30652e-05
244.176 9.68045e-07 -0.0113278 -0.149012 -0.288987 0.000472807 -4.58404e-05
251.807 1.02867e-06 -0.0117496 -0.151761 -0.29423 0.000490582 -4.87802e-05
259.713 1.09264e-06 -0.0121845 -0.154543 -0.299533 0.000509032 -5.1895e-05
267.91 1.16015e-06 -0.0126333 -0.157361 -0.304898 0.000528189 -5.51956e-05
276.412 1.23143e-06 -0.0130964 -0.160216 -0.310329 0.000548087 -5.86937e-05
285.235 1.30674e-06 -0.0135745 -0.163109 -0.315827 0.00056876 -6.24018e-05
294.397 1.38633e-06 -0.0140682 -0.166043 -0.321395 0.000590245 -6.63335e-05
303.916 1.47049e-06 -0.0145782 -0.169018 -0.327037 0.000612581 -7.05033e-05
313.812 1.55955e-06 -0.0151052 -0.172038 -0.332755 0.000635811 -7.49267e-05
324.104 1.65384e-06 -0.0156499 -0.175103 -0.338553 0.000659979 -7.96207e-05
334.815 1.75373e-06 -0.0162133 -0.178215 -0.344434 0.000685131 -8.46033e-05
345.97 1.85963e-06 -0.0167962 -0.181378 -0.350401 0.000711317 -8.98941e-05
357.591 1.97199e-06 -0.0173995 -0.184592 -0.356458 0.00073859 -9.55141e-05
369.707 2.09127e-06 -0.0180241 -0.18786 -0.362609 0.000767006 -0.000101486
382.347 2.21801e-06 -0.0186713 -0.191185 -0.368858 0.000796624 -0.000107835
395.539 2.35278e-06 -0.019342 -0.194569 -0.375209 0.00082751 -0.000114587
409.318 2.4962e-06 -0.0200375 -0.198014 -0.381667 0.000859729 -0.000121772
423.717 2.64895e-06 -0.0207591 -0.201524 -0.388235 0.000893354 -0.000129419
438.775 2.81177e-06 -0.0215081 -0.205101 -0.394919 0.000928462 -0.000137565
