2.19896 2.46684e-10 -3.91306e-06 -0.0019782 -0.00386471 3.76112e-06 -8.72648e-09
4.39978 7.23389e-10 -1.17415e-05 -0.00395686 -0.00773028 7.51964e-06 -2.64699e-08
6.60368 1.42835e-09 -2.34897e-05 -0.00593617 -0.0115971 1.1276e-05 -5.32165e-08
8.81189 2.35711e-09 -3.91638e-05 -0.00791634 -0.0154655 1.50306e-05 -8.8945e-08
11.0257 3.5025e-09 -5.87715e-05 -0.00989758 -0.0193359 1.8784e-05 -1.33627e-07
13.2462 4.85466e-09 -8.23221e-05 -0.0118801 -0.0232087 2.25366e-05 -1.87226e-07
15.4749 6.40107e-09 -0.000109827 -0.0138641 -0.0270841 2.6289e-05 -2.497e-07
17.7128 8.12658e-09 -0.000141299 -0.0158497 -0.0309628 3.00418e-05 -3.21001e-07
19.9614 1.00134e-08 -0.000176752 -0.0178373 -0.0348449 3.37956e-05 -4.01076e-07
22.2219 1.20412e-08 -0.000216203 -0.019827 -0.0387308 3.75511e-05 -4.89864e-07
24.4955 1.4187e-08 -0.000259669 -0.021819 -0.0426211 4.13091e-05 -5.87305e-07
26.7838 1.64254e-08 -0.000307172 -0.0238135 -0.046516 4.50703e-05 -6.93333e-07
29.0879 1.87285e-08 -0.000358732 -0.0258108 -0.050416 4.88358e-05 -8.07881e-07
31.4092 2.1066e-08 -0.000414374 -0.027811 -0.0543215 5.26065e-05 -9.3088e-07
33.7493 2.34052e-08 -0.000474122 -0.0298144 -0.0582328 5.63834e-05 -1.06226e-06
36.1094 2.5711e-08 -0.000538005 -0.0318213 -0.0621504 6.01678e-05 -1.20196e-06
38.4911 2.79461e-08 -0.000606052 -0.0338318 -0.0660747 6.39609e-05 -1.34991e-06
40.8958 3.00707e-08 -0.000678294 -0.0358462 -0.0700062 6.77641e-05 -1.50605e-06
43.325 3.20431e-08 -0.000754767 -0.0378647 -0.0739452 7.15788e-05 -1.67032e-06
45.7804 3.3819e-08 -0.000835505 -0.0398876 -0.0778922 7.54067e-05 -1.84267e-06
48.2634 3.53523e-08 -0.000920547 -0.0419151 -0.0818477 7.92494e-05 -2.02306e-06
50.7757 3.65944e-08 -0.00100993 -0.0439475 -0.0858121 8.31088e-05 -2.21146e-06
53.3191 3.74947e-08 -0.00110371 -0.045985 -0.0897859 8.69868e-05 -2.40783e-06
55.8951 3.80003e-08 -0.00120192 -0.0480278 -0.0937695 9.08854e-05 -2.61217e-06
58.5057 3.80562e-08 -0.00130461 -0.0500763 -0.0977634 9.48068e-05 -2.82448e-06
61.1525 3.76052e-08 -0.00141183 -0.0521308 -0.101768 9.87534e-05 -3.04476e-06
63.8376 3.6588e-08 -0.00152365 -0.0541914 -0.105784 0.000102727 -3.27304e-06
66.5628 3.49426e-08 -0.0016401 -0.0562586 -0.109812 0.000106732 -3.50936e-06
69.3301 3.26052e-08 -0.00176126 -0.0583325 -0.113853 0.000110769 -3.7538e-06
72.1416 2.95092e-08 -0.00188718 -0.0604135 -0.117906 0.000114842 -4.00641e-06
74.9995 2.55858e-08 -0.00201794 -0.0625019 -0.121973 0.000118953 -4.26732e-06
77.906 2.07635e-08 -0.0021536 -0.0645981 -0.126054 0.000123106 -4.53662e-06
80.8633 1.49682e-08 -0.00229423 -0.0667023 -0.13015 0.000127304 -4.81447e-06
83.8739 8.12289e-09 -0.00243992 -0.0688149 -0.134261 0.000131551 -5.10104e-06
86.9402 1.47823e-10 -0.00259074 -0.0709362 -0.138387 0.00013585 -5.39651e-06
90.0648 -9.03995e-09 -0.00274678 -0.0730666 -0.142531 0.000140204 -5.70111e-06
93.2504 -1.95266e-08 -0.00290813 -0.0752065 -0.146691 0.000144618 -6.01507e-06
96.4996 -3.14018e-08 -0.00307489 -0.0773563 -0.15087 0.000149096 -6.33868e-06
99.8155 -4.47586e-08 -0.00324714 -0.0795163 -0.155067 0.000153641 -6.67223e-06
103.201 -5.96944e-08 -0.003425 -0.0816869 -0.159284 0.000158259 -7.01607e-06
106.659 -7.63103e-08 -0.00360857 -0.0838686 -0.16352 0.000162953 -7.37055e-06
110.194 -9.47119e-08 -0.00379797 -0.0860619 -0.167778 0.000167729 -7.7361e-06
113.807 -1.15009e-07 -0.00399332 -0.0882671 -0.172057 0.000172591 -8.11314e-06
117.504 -1.37318e-07 -0.00419474 -0.0904847 -0.176359 0.000177544 -8.50216e-06
121.287 -1.61759e-07 -0.00440238 -0.0927152 -0.180684 0.000182594 -8.90366e-06
125.161 -1.88459e-07 -0.00461636 -0.0949592 -0.185033 0.000187746 -9.31822e-06
129.13 -2.17549e-07 -0.00483683 -0.0972171 -0.189408 0.000193006 -9.74642e-06
133.197 -2.49169e-07 -0.00506396 -0.0994894 -0.193809 0.000198379 -1.01889e-05
137.368 -2.83465e-07 -0.0052979 -0.101777 -0.198237 0.000203873 -1.06464e-05
141.647 -3.2059e-07 -0.00553882 -0.10408 -0.202693 0.000209493 -1.11196e-05
146.039 -3.60706e-07 -0.0057869 -0.106399 -0.207179 0.000215245 -1.16094e-05
150.549 -4.03982e-07 -0.00604234 -0.108735 -0.211695 0.000221137 -1.21165e-05
155.182 -4.50599e-07 -0.00630532 -0.111089 -0.216242 0.000227176 -1.26419e-05
159.945 -5.00746e-07 -0.00657607 -0.113461 -0.220823 0.000233369 -1.31865e-05
164.842 -5.54622e-07 -0.00685481 -0.115851 -0.225437 0.000239725 -1.37514e-05
169.881 -6.12439e-07 -0.00714176 -0.118262 -0.230087 0.00024625 -1.43377e-05
175.068 -6.7442e-07 -0.00743717 -0.120693 -0.234773 0.000252953 -1.49464e-05
180.41 -7.40803e-07 -0.0077413 -0.123145 -0.239498 0.000259844 -1.5579e-05
185.914 -8.11837e-07 -0.00805443 -0.125619 -0.244262 0.00026693 -1.62366e-05
191.588 -8.87789e-07 -0.00837685 -0.128116 -0.249068 0.000274223 -1.69207e-05
197.44 -9.68941e-07 -0.00870886 -0.130637 -0.253916 0.00028173 -1.76328e-05
203.479 -1.05559e-06 -0.00905078 -0.133182 -0.258809 0.000289463 -1.83743e-05
209.713 -1.14807e-06 -0.00940295 -0.135754 -0.263748 0.000297433 -1.91471e-05
216.153 -1.24669e-06 -0.00976575 -0.138352 -0.268735 0.00030565 -1.99528e-05
222.808 -1.35184e-06 -0.0101395 -0.140978 -0.273772 0.000314127 -2.07934e-05
229.689 -1.4639e-06 -0.0105247 -0.143634 -0.278861 0.000322875 -2.16709e-05
236.808 -1.58326e-06 -0.0109217 -0.146319 -0.284004 0.000331907 -2.25873e-05
244.176 -1.71038e-06 -0.011331 -0.149036 -0.289204 0.000341237 -2.3545e-05
251.807 -1.84571e-06 -0.0117531 -0.151786 -0.294462 0.000350879 -2.45463e-05
259.713 -1.98976e-06 -0.0121884 -0.154571 -0.299781 0.000360847 -2.55938e-05
267.91 -2.14307e-06 -0.0126375 -0.15739 -0.305163 0.000371158 -2.66903e-05
276.412 -2.30619e-06 -0.0131011 -0.160247 -0.310612 0.000381826 -2.78385e-05
285.235 -2.47974e-06 -0.0135796 -0.163143 -0.316129 0.00039287 -2.90416e-05
294.397 -2.66438e-06 -0.0140737 -0.166079 -0.321718 0.000404307 -3.03028e-05
303.916 -2.86081e-06 -0.0145841 -0.169057 -0.327381 0.000416155 -3.16257e-05
313.812 -3.06978e-06 -0.0151116 -0.172078 -0.333123 0.000428436 -3.30139e-05
324.104 -3.2921e-06 -0.015657 -0.175146 -0.338945 0.000441169 -3.44714e-05
334.815 -3.52863e-06 -0.0162209 -0.178261 -0.344852 0.000454377 -3.60024e-05
345.97 -3.78032e-06 -0.0168044 -0.181426 -0.350848 0.000468083 -3.76115e-05
357.591 -4.04815e-06 -0.0174083 -0.184643 -0.356935 0.000482311 -3.93036e-05
369.707 -4.33322e-06 -0.0180337 -0.187915 -0.363118 0.000497088 -4.10837e-05
382.347 -4.63668e-06 -0.0186816 -0.191243 -0.369401 0.000512441 -4.29574e-05
395.539 -4.95979e-06 -0.0193532 -0.19463 -0.375788 0.000528398 -4.49307e-05
409.318 -5.3039e-06 -0.0200495 -0.198078 -0.382285 0.000544992 -4.70099e-05
423.717 -5.67047e-06 -0.020772 -0.201592 -0.388894 0.000562253 -4.92019e-05
438.775 -6.06107e-06 -0.021522 -0.205172 -0.395623 0.000580217 -5.15141e-05
