2.19896 1.14005e-09 -3.51091e-05 -0.00756367 -0.00721415 2.91299e-06 -3.70866e-09
4.39978 3.44162e-09 -0.000105345 -0.0151286 -0.0144296 5.81162e-06 -9.40085e-09
6.60368 6.93805e-09 -0.000210737 -0.0226952 -0.0216468 8.70341e-06 -1.70754e-08
8.81189 1.16554e-08 -0.000351328 -0.0302639 -0.0288663 1.15959e-05 -2.684e-08
11.0257 1.76125e-08 -0.000527167 -0.0378353 -0.0360886 1.44965e-05 -3.89106e-08
13.2462 2.48202e-08 -0.000738318 -0.0454099 -0.043314 1.7413e-05 -5.36122e-08
15.4749 3.3282e-08 -0.000984854 -0.052988 -0.0505432 2.03527e-05 -7.13781e-08
17.7128 4.29932e-08 -0.00126686 -0.0605703 -0.0577765 2.33233e-05 -9.275e-08
19.9614 5.39408e-08 -0.00158443 -0.0681571 -0.0650145 2.63325e-05 -1.18378e-07
22.2219 6.61034e-08 -0.00193767 -0.075749 -0.0722577 2.93876e-05 -1.49019e-07
24.4955 7.94504e-08 -0.00232669 -0.0833465 -0.0795066 3.24965e-05 -1.8554e-07
26.7838 9.39426e-08 -0.00275164 -0.09095 -0.0867616 3.56667e-05 -2.28912e-07
29.0879 1.09531e-07 -0.00321265 -0.0985601 -0.0940233 3.89058e-05 -2.80216e-07
31.4092 1.26156e-07 -0.00370986 -0.106177 -0.101292 4.22216e-05 -3.40638e-07
33.7493 1.43749e-07 -0.00424346 -0.113802 -0.108569 4.56216e-05 -4.11471e-07
36.1094 1.6223e-07 -0.00481361 -0.121435 -0.115854 4.91137e-05 -4.94116e-07
38.4911 1.81509e-07 -0.00542051 -0.129077 -0.123147 5.27055e-05 -5.90079e-07
40.8958 2.01481e-07 -0.00606436 -0.136727 -0.13045 5.64049e-05 -7.00973e-07
43.325 2.22034e-07 -0.00674538 -0.144388 -0.137763 6.02195e-05 -8.28521e-07
45.7804 2.4304e-07 -0.00746379 -0.152059 -0.145086 6.41574e-05 -9.7455e-07
48.2634 2.64359e-07 -0.00821985 -0.15974 -0.152419 6.82264e-05 -1.141e-06
50.7757 2.85837e-07 -0.00901382 -0.167433 -0.159765 7.24344e-05 -1.32992e-06
53.3191 3.07308e-07 -0.00984596 -0.175139 -0.167122 7.67896e-05 -1.54347e-06
55.8951 3.28587e-07 -0.0107166 -0.182857 -0.174493 8.13e-05 -1.78392e-06
58.5057 3.49479e-07 -0.011626 -0.190588 -0.181876 8.59739e-05 -2.05366e-06
61.1525 3.69771e-07 -0.0125744 -0.198333 -0.189273 9.08195e-05 -2.3552e-06
63.8376 3.89232e-07 -0.0135624 -0.206092 -0.196685 9.58453e-05 -2.69116e-06
66.5628 4.07616e-07 -0.0145901 -0.213867 -0.204112 0.00010106 -3.0643e-06
69.3301 4.24661e-07 -0.015658 -0.221658 -0.211555 0.000106472 -3.4775e-06
72.1416 4.40083e-07 -0.0167664 -0.229465 -0.219014 0.00011209 -3.93376e-06
74.9995 4.53581e-07 -0.0179158 -0.23729 -0.22649 0.000117923 -4.43625e-06
77.906 4.64835e-07 -0.0191067 -0.245132 -0.233984 0.00012398 -4.98826e-06
80.8633 4.73505e-07 -0.0203394 -0.252994 -0.241497 0.000130272 -5.59322e-06
83.8739 4.79228e-07 -0.0216144 -0.260875 -0.249029 0.000136806 -6.25474e-06
86.9402 4.81621e-07 -0.0229324 -0.268776 -0.25658 0.000143594 -6.97658e-06
90.0648 4.80278e-07 -0.0242936 -0.276698 -0.264153 0.000150645 -7.76268e-06
93.2504 4.7477e-07 -0.0256989 -0.284643 -0.271747 0.000157969 -8.61716e-06
96.4996 4.64643e-07 -0.0271486 -0.29261 -0.279363 0.000165577 -9.54432e-06
99.8155 4.4942e-07 -0.0286434 -0.300601 -0.287003 0.00017348 -1.05487e-05
103.201 4.28597e-07 -0.030184 -0.308617 -0.294666 0.00018169 -1.16349e-05
106.659 4.01643e-07 -0.0317709 -0.316658 -0.302355 0.000190217 -1.28081e-05
110.194 3.68001e-07 -0.033405 -0.324726 -0.310069 0.000199074 -1.40733e-05
113.807 3.27083e-07 -0.0350869 -0.332822 -0.31781 0.000208273 -1.5436e-05
117.504 2.78274e-07 -0.0368174 -0.340946 -0.325578 0.000217828 -1.6902e-05
121.287 2.20927e-07 -0.0385973 -0.3491 -0.333375 0.000227751 -1.84771e-05
125.161 1.54364e-07 -0.0404274 -0.357285 -0.341202 0.000238056 -2.01679e-05
129.13 7.78753e-08 -0.0423086 -0.365501 -0.349059 0.000248757 -2.19808e-05
133.197 -9.28414e-09 -0.0442418 -0.373751 -0.356948 0.00025987 -2.3923e-05
137.368 -1.07893e-07 -0.046228 -0.382036 -0.36487 0.00027141 -2.60017e-05
141.647 -2.18768e-07 -0.0482682 -0.390356 -0.372826 0.000283392 -2.82248e-05
146.039 -3.42761e-07 -0.0503634 -0.398713 -0.380817 0.000295835 -3.06004e-05
150.549 -4.80763e-07 -0.0525148 -0.407109 -0.388845 0.000308754 -3.31372e-05
155.182 -6.33706e-07 -0.0547235 -0.415545 -0.39691 0.00032217 -3.58444e-05
159.945 -8.02564e-07 -0.0569907 -0.424022 -0.405015 0.0003361 -3.87317e-05
164.842 -9.88353e-07 -0.0593177 -0.432542 -0.413159 0.000350564 -4.18093e-05
169.881 -1.19213e-06 -0.0617059 -0.441106 -0.421345 0.000365584 -4.5088e-05
175.068 -1.41501e-06 -0.0641566 -0.449717 -0.429575 0.000381181 -4.85793e-05
180.41 -1.65814e-06 -0.0666713 -0.458375 -0.437849 0.000397378 -5.22955e-05
185.914 -1.92274e-06 -0.0692517 -0.467083 -0.44617 0.000414199 -5.62495e-05
191.588 -2.21004e-06 -0.0718992 -0.475843 -0.454538 0.000431668 -6.0455e-05
197.44 -2.52138e-06 -0.0746157 -0.484656 -0.462956 0.000449813 -6.49267e-05
203.479 -2.8581e-06 -0.0774028 -0.493524 -0.471425 0.000468661 -6.96801e-05
209.713 -3.22164e-06 -0.0802626 -0.50245 -0.479947 0.00048824 -7.47317e-05
216.153 -3.61349e-06 -0.083197 -0.511436 -0.488524 0.000508582 -8.00993e-05
222.808 -4.03518e-06 -0.086208 -0.520483 -0.497158 0.000529717 -8.58016e-05
229.689 -4.48834e-06 -0.089298 -0.529595 -0.505851 0.00055168 -9.18587e-05
236.808 -4.97464e-06 -0.0924691 -0.538773 -0.514605 0.000574506 -9.82919e-05
244.176 -5.49585e-06 -0.0957238 -0.548021 -0.523422 0.000598232 -0.000105124
251.807 -6.05379e-06 -0.0990647 -0.55734 -0.532304 0.000622898 -0.00011238
259.713 -6.65037e-06 -0.102495 -0.566734 -0.541254 0.000648544 -0.000120086
267.91 -7.28758e-06 -0.106016 -0.576206 -0.550273 0.000675214 -0.00012827
276.412 -7.96751e-06 -0.109632 -0.585757 -0.559366 0.000702955 -0.000136961
285.235 -8.69232e-06 -0.113346 -0.595392 -0.568533 0.000731814 -0.000146193
294.397 -9.4643e-06 -0.117161 -0.605113 -0.577778 0.000761844 -0.000156
303.916 -1.02858e-05 -0.121081 -0.614924 -0.587104 0.000793097 -0.000166418
313.812 -1.11593e-05 -0.125109 -0.624828 -0.596513 0.000825632 -0.000177489
324.104 -1.20875e-05 -0.12925 -0.634829 -0.606008 0.000859509 -0.000189255
334.815 -1.3073e-05 -0.133506 -0.644929 -0.615592 0.000894791 -0.000201762
345.97 -1.41187e-05 -0.137884 -0.655134 -0.625269 0.000931548 -0.000215061
357.591 -1.52276e-05 -0.142386 -0.665446 -0.635042 0.00096985 -0.000229205
369.707 -1.64028e-05 -0.147018 -0.675871 -0.644914 0.00100977 -0.000244252
382.347 -1.76478e-05 -0.151785 -0.686411 -0.654889 0.0010514 -0.000260266
395.539 -1.8966e-05 -0.156692 -0.697072 -0.664969 0.00109482 -0.000277315
409.318 -2.03612e-05 -0.161746 -0.707857 -0.67516 0.00114011 -0.000295471
423.717 -2.18372e-05 -0.16695 -0.718771 -0.685464 0.00118738 -0.000314815
438.775 -2.33982e-05 -0.172313 -0.729819 -0.695885 0.00123673 -0.000335433
