2.19896 1.11917e-09 -3.51081e-05 -0.0075635 -0.00721407 2.87387e-06 -4.54929e-09
4.39978 3.38269e-09 -0.000105342 -0.0151282 -0.0144294 5.72729e-06 -1.30415e-08
6.60368 6.815e-09 -0.000210731 -0.0226946 -0.0216465 8.56031e-06 -2.52361e-08
8.81189 1.14274e-08 -0.000351316 -0.0302631 -0.0288659 1.1373e-05 -4.08434e-08
11.0257 1.72179e-08 -0.000527149 -0.0378343 -0.036088 1.41656e-05 -5.95259e-08
13.2462 2.41712e-08 -0.000738291 -0.0454087 -0.0433133 1.69381e-05 -8.08987e-08
15.4749 3.22585e-08 -0.000984817 -0.0529866 -0.0505424 1.96908e-05 -1.0453e-07
17.7128 4.1437e-08 -0.00126681 -0.0605686 -0.0577756 2.2424e-05 -1.29943e-07
19.9614 5.16504e-08 -0.00158436 -0.0681552 -0.0650135 2.51381e-05 -1.56618e-07
22.2219 6.28279e-08 -0.00193759 -0.0757468 -0.0722566 2.78335e-05 -1.83991e-07
24.4955 7.48847e-08 -0.0023266 -0.0833441 -0.0795054 3.05108e-05 -2.1146e-07
26.7838 8.7721e-08 -0.00275153 -0.0909474 -0.0867604 3.31706e-05 -2.38384e-07
29.0879 1.01223e-07 -0.00321252 -0.0985573 -0.0940222 3.58138e-05 -2.64085e-07
31.4092 1.1526e-07 -0.00370972 -0.106174 -0.101291 3.84412e-05 -2.87853e-07
33.7493 1.29689e-07 -0.00424329 -0.113799 -0.108568 4.10539e-05 -3.08945e-07
36.1094 1.44348e-07 -0.00481343 -0.121432 -0.115853 4.36531e-05 -3.26591e-07
38.4911 1.59062e-07 -0.00542031 -0.129073 -0.123147 4.62401e-05 -3.39994e-07
40.8958 1.73636e-07 -0.00606414 -0.136724 -0.13045 4.88164e-05 -3.48334e-07
43.325 1.87862e-07 -0.00674514 -0.144384 -0.137763 5.13836e-05 -3.5077e-07
45.7804 2.01514e-07 -0.00746354 -0.152055 -0.145086 5.39436e-05 -3.46444e-07
48.2634 2.14345e-07 -0.0082196 -0.159737 -0.152421 5.64984e-05 -3.34481e-07
50.7757 2.26096e-07 -0.00901355 -0.16743 -0.159767 5.90501e-05 -3.13995e-07
53.3191 2.36484e-07 -0.0098457 -0.175135 -0.167125 6.16011e-05 -2.84091e-07
55.8951 2.45209e-07 -0.0107163 -0.182853 -0.174496 6.41539e-05 -2.43865e-07
58.5057 2.51954e-07 -0.0116257 -0.190584 -0.18188 6.67113e-05 -1.9241e-07
61.1525 2.56378e-07 -0.0125742 -0.19833 -0.189279 6.92762e-05 -1.28815e-07
63.8376 2.58121e-07 -0.0135622 -0.206089 -0.196692 7.18518e-05 -5.21705e-08
66.5628 2.56801e-07 -0.0145899 -0.213865 -0.20412 7.44413e-05 3.84297e-08
69.3301 2.52016e-07 -0.0156579 -0.221656 -0.211564 7.70484e-05 1.43888e-07
72.1416 2.43339e-07 -0.0167664 -0.229463 -0.219025 7.96767e-05 2.65102e-07
74.9995 2.3032e-07 -0.0179159 -0.237288 -0.226503 8.23302e-05 4.02956e-07
77.906 2.12485e-07 -0.0191068 -0.245132 -0.233999 8.50132e-05 5.58329e-07
80.8633 1.89334e-07 -0.0203397 -0.252994 -0.241513 8.773e-05 7.32085e-07
83.8739 1.60343e-07 -0.0216149 -0.260875 -0.249048 9.04853e-05 9.25076e-07
86.9402 1.24959e-07 -0.0229329 -0.268777 -0.256602 9.32839e-05 1.13814e-06
90.0648 8.2601e-08 -0.0242944 -0.276701 -0.264177 9.6131e-05 1.37209e-06
93.2504 3.26598e-08 -0.0256998 -0.284646 -0.271774 9.90317e-05 1.62773e-06
96.4996 -2.55046e-08 -0.0271498 -0.292615 -0.279394 0.000101992 1.90586e-06
99.8155 -9.25633e-08 -0.0286449 -0.300607 -0.287037 0.000105017 2.20723e-06
103.201 -1.6922e-07 -0.0301858 -0.308624 -0.294704 0.000108113 2.53259e-06
106.659 -2.56214e-07 -0.0317731 -0.316667 -0.302396 0.000111287 2.88267e-06
110.194 -3.54317e-07 -0.0334076 -0.324736 -0.310115 0.000114545 3.25818e-06
113.807 -4.64339e-07 -0.0350899 -0.332833 -0.31786 0.000117894 3.65979e-06
117.504 -5.8713e-07 -0.0368209 -0.340959 -0.325634 0.000121341 4.08818e-06
121.287 -7.23576e-07 -0.0386013 -0.349115 -0.333436 0.000124893 4.54398e-06
125.161 -8.7461e-07 -0.040432 -0.357302 -0.341268 0.000128559 5.02781e-06
129.13 -1.0412e-06 -0.0423138 -0.365521 -0.349132 0.000132346 5.54029e-06
133.197 -1.22437e-06 -0.0442478 -0.373774 -0.357027 0.000136263 6.08198e-06
137.368 -1.42519e-06 -0.0462347 -0.382061 -0.364956 0.000140318 6.65344e-06
141.647 -1.64477e-06 -0.0482758 -0.390384 -0.37292 0.00014452 7.25523e-06
146.039 -1.88428e-06 -0.050372 -0.398744 -0.380919 0.000148878 7.88784e-06
150.549 -2.14493e-06 -0.0525244 -0.407143 -0.388954 0.000153404 8.5518e-06
155.182 -2.42802e-06 -0.0547342 -0.415582 -0.397028 0.000158106 9.24756e-06
159.945 -2.73487e-06 -0.0570026 -0.424062 -0.405142 0.000162994 9.97562e-06
164.842 -3.06689e-06 -0.0593309 -0.432586 -0.413297 0.000168082 1.07364e-05
169.881 -3.42554e-06 -0.0617205 -0.441154 -0.421493 0.000173378 1.15303e-05
175.068 -3.81235e-06 -0.0641728 -0.449769 -0.429734 0.000178896 1.23579e-05
180.41 -4.22893e-06 -0.0666893 -0.458432 -0.43802 0.000184648 1.32194e-05
185.914 -4.67696e-06 -0.0692714 -0.467145 -0.446353 0.000190646 1.41152e-05
191.588 -5.1582e-06 -0.0719209 -0.475909 -0.454735 0.000196905 1.50458e-05
197.44 -5.67448e-06 -0.0746395 -0.484727 -0.463166 0.000203438 1.60115e-05
203.479 -6.22775e-06 -0.077429 -0.493601 -0.47165 0.00021026 1.70126e-05
209.713 -6.82001e-06 -0.0802912 -0.502533 -0.480188 0.000217387 1.80496e-05
216.153 -7.4534e-06 -0.0832283 -0.511525 -0.488782 0.000224834 1.91226e-05
222.808 -8.13012e-06 -0.0862422 -0.520579 -0.497433 0.000232617 2.02321e-05
229.689 -8.85251e-06 -0.0893352 -0.529697 -0.506145 0.000240756 2.13783e-05
236.808 -9.62301e-06 -0.0925097 -0.538883 -0.514918 0.000249268 2.25615e-05
244.176 -1.04442e-05 -0.095768 -0.548138 -0.523756 0.000258172 2.37821e-05
251.807 -1.13187e-05 -0.0991128 -0.557465 -0.53266 0.000267488 2.50402e-05
259.713 -1.22495e-05 -0.102547 -0.566867 -0.541633 0.000277239 2.63361e-05
267.91 -1.32394e-05 -0.106073 -0.576347 -0.550677 0.000287446 2.76702e-05
276.412 -1.42917e-05 -0.109694 -0.585907 -0.559795 0.000298133 2.90425e-05
285.235 -1.54095e-05 -0.113413 -0.595552 -0.56899 0.000309324 3.04533e-05
294.397 -1.65964e-05 -0.117233 -0.605283 -0.578264 0.000321046 3.19028e-05
303.916 -1.78559e-05 -0.121159 -0.615104 -0.58762 0.000333326 3.33911e-05
313.812 -1.91921e-05 -0.125193 -0.625019 -0.597061 0.000346194 3.49182e-05
324.104 -2.06089e-05 -0.129341 -0.635031 -0.60659 0.00035968 3.64842e-05
334.815 -2.21106e-05 -0.133604 -0.645143 -0.61621 0.000373816 3.8089e-05
345.97 -2.37019e-05 -0.137989 -0.655361 -0.625926 0.000388637 3.97325e-05
357.591 -2.53874e-05 -0.1425 -0.665686 -0.635739 0.00040418 4.14146e-05
369.707 -2.71723e-05 -0.147141 -0.676124 -0.645653 0.000420483 4.31348e-05
382.347 -2.90621e-05 -0.151918 -0.686679 -0.655672 0.000437588 4.48926e-05
395.539 -3.10624e-05 -0.156835 -0.697355 -0.6658 0.000455538 4.66874e-05
409.318 -3.31794e-05 -0.1619 -0.708156 -0.676041 0.000474379 4.85183e-05
423.717 -3.54197e-05 -0.167116 -0.719086 -0.686398 0.000494162 5.0384e-05
438.775 -3.77901e-05 -0.172491 -0.730151 -0.696875 0.000514939 5.22831e-05
