2.19896 3.2181e-09 -0.000110393 -0.0162401 -0.010048 2.87214e-06 -3.45789e-09
4.39978 9.85588e-09 -0.000331218 -0.0324815 -0.0200974 5.70405e-06 -7.86661e-09
6.60368 2.00962e-08 -0.000662539 -0.0487244 -0.0301486 8.50583e-06 -1.29668e-08
8.81189 3.40759e-08 -0.00110444 -0.0649691 -0.0402018 1.12877e-05 -1.86985e-08
11.0257 5.1885e-08 -0.00165703 -0.0812159 -0.0502576 1.40597e-05 -2.52019e-08
13.2462 7.35665e-08 -0.00232042 -0.097465 -0.0603162 1.68321e-05 -3.28179e-08
15.4749 9.91153e-08 -0.00309477 -0.113717 -0.0703781 1.96152e-05 -4.20881e-08
17.7128 1.28477e-07 -0.00398025 -0.129971 -0.0804437 2.24192e-05 -5.37558e-08
19.9614 1.61548e-07 -0.00497704 -0.146229 -0.0905133 2.52544e-05 -6.87658e-08
22.2219 1.98172e-07 -0.00608535 -0.16249 -0.100587 2.81312e-05 -8.82655e-08
24.4955 2.38142e-07 -0.00730541 -0.178755 -0.110666 3.10599e-05 -1.13605e-07
26.7838 2.81197e-07 -0.00863748 -0.195024 -0.12075 3.40509e-05 -1.46339e-07
29.0879 3.27019e-07 -0.0100818 -0.211297 -0.13084 3.71148e-05 -1.88226e-07
31.4092 3.75236e-07 -0.0116388 -0.227575 -0.140935 4.02619e-05 -2.41231e-07
33.7493 4.25416e-07 -0.0133086 -0.243858 -0.151038 4.3503e-05 -3.07523e-07
36.1094 4.77068e-07 -0.0150917 -0.260146 -0.161146 4.68486e-05 -3.89484e-07
38.4911 5.29638e-07 -0.0169884 -0.276439 -0.171263 5.03094e-05 -4.89701e-07
40.8958 5.82508e-07 -0.0189991 -0.292739 -0.181386 5.38961e-05 -6.10976e-07
43.325 6.34995e-07 -0.0211243 -0.309044 -0.191518 5.76197e-05 -7.56324e-07
45.7804 6.86349e-07 -0.0233643 -0.325357 -0.201658 6.14909e-05 -9.28976e-07
48.2634 7.35747e-07 -0.0257197 -0.341676 -0.211807 6.55209e-05 -1.13239e-06
50.7757 7.82295e-07 -0.028191 -0.358002 -0.221966 6.97208e-05 -1.37023e-06
53.3191 8.25023e-07 -0.0307786 -0.374336 -0.232134 7.41017e-05 -1.6464e-06
55.8951 8.62883e-07 -0.0334831 -0.390678 -0.242312 7.86751e-05 -1.96504e-06
58.5057 8.94748e-07 -0.0363052 -0.407029 -0.252501 8.34524e-05 -2.33052e-06
61.1525 9.19406e-07 -0.0392454 -0.423389 -0.262701 8.84451e-05 -2.74745e-06
63.8376 9.35558e-07 -0.0423043 -0.439758 -0.272913 9.36652e-05 -3.22069e-06
66.5628 9.41816e-07 -0.0454828 -0.456136 -0.283137 9.91245e-05 -3.75537e-06
69.3301 9.36701e-07 -0.0487814 -0.472525 -0.293373 0.000104835 -4.35686e-06
72.1416 9.18634e-07 -0.0522009 -0.488925 -0.303622 0.000110809 -5.03083e-06
74.9995 8.8594e-07 -0.0557421 -0.505336 -0.313884 0.00011706 -5.7832e-06
77.906 8.36837e-07 -0.0594059 -0.521758 -0.32416 0.000123599 -6.62021e-06
80.8633 7.69437e-07 -0.063193 -0.538193 -0.334451 0.000130441 -7.54839e-06
83.8739 6.81742e-07 -0.0671044 -0.554641 -0.344757 0.000137597 -8.5746e-06
86.9402 5.71634e-07 -0.0711411 -0.571102 -0.355078 0.000145083 -9.70602e-06
90.0648 4.36878e-07 -0.0753039 -0.587578 -0.365415 0.00015291 -1.09502e-05
93.2504 2.75113e-07 -0.079594 -0.604068 -0.375768 0.000161095 -1.2315e-05
96.4996 8.38469e-08 -0.0840125 -0.620573 -0.386139 0.000169651 -1.38087e-05
99.8155 -1.39546e-07 -0.0885603 -0.637094 -0.396527 0.000178593 -1.54399e-05
103.201 -3.97835e-07 -0.0932388 -0.653632 -0.406933 0.000187936 -1.72178e-05
106.659 -6.93931e-07 -0.0980491 -0.670188 -0.417358 0.000197697 -1.9152e-05
110.194 -1.0309e-06 -0.102993 -0.686762 -0.427802 0.00020789 -2.12523e-05
113.807 -1.41197e-06 -0.108071 -0.703355 -0.438266 0.000218534 -2.35293e-05
117.504 -1.84053e-06 -0.113284 -0.719967 -0.448751 0.000229644 -2.5994e-05
121.287 -2.32015e-06 -0.118635 -0.736601 -0.459257 0.000241239 -2.8658e-05
125.161 -2.85456e-06 -0.124126 -0.753256 -0.469784 0.000253336 -3.15334e-05
129.13 -3.44769e-06 -0.129756 -0.769934 -0.480334 0.000265955 -3.46329e-05
133.197 -4.10368e-06 -0.135529 -0.786635 -0.490907 0.000279115 -3.79701e-05
137.368 -4.82685e-06 -0.141445 -0.803361 -0.501504 0.000292836 -4.15589e-05
141.647 -5.62174e-06 -0.147507 -0.820112 -0.512125 0.000307138 -4.54143e-05
146.039 -6.49313e-06 -0.153717 -0.836891 -0.522772 0.000322043 -4.95519e-05
150.549 -7.44601e-06 -0.160077 -0.853697 -0.533444 0.000337574 -5.39882e-05
155.182 -8.48563e-06 -0.166588 -0.870532 -0.544143 0.000353753 -5.87406e-05
159.945 -9.61749e-06 -0.173253 -0.887398 -0.55487 0.000370605 -6.38273e-05
164.842 -1.08474e-05 -0.180074 -0.904295 -0.565625 0.000388154 -6.92677e-05
169.881 -1.21813e-05 -0.187054 -0.921225 -0.576408 0.000406426 -7.50821e-05
175.068 -1.36257e-05 -0.194194 -0.93819 -0.587222 0.000425448 -8.12922e-05
180.41 -1.51871e-05 -0.201499 -0.95519 -0.598066 0.000445248 -8.79207e-05
185.914 -1.68725e-05 -0.208969 -0.972228 -0.608942 0.000465856 -9.49916e-05
191.588 -1.86894e-05 -0.216609 -0.989305 -0.61985 0.000487301 -0.000102531
197.44 -2.06453e-05 -0.224421 -1.00642 -0.630791 0.000509614 -0.000110564
203.479 -2.27483e-05 -0.232408 -1.02358 -0.641766 0.00053283 -0.000119122
209.713 -2.5007e-05 -0.240574 -1.04079 -0.652777 0.000556982 -0.000128233
216.153 -2.74301e-05 -0.248922 -1.05804 -0.663823 0.000582106 -0.00013793
222.808 -3.00271e-05 -0.257455 -1.07533 -0.674906 0.000608238 -0.000148247
229.689 -3.28077e-05 -0.266178 -1.09268 -0.686028 0.000635419 -0.00015922
236.808 -3.57823e-05 -0.275094 -1.11008 -0.697188 0.000663689 -0.000170888
244.176 -3.89617e-05 -0.284207 -1.12753 -0.708389 0.000693091 -0.000183291
251.807 -4.23572e-05 -0.293521 -1.14504 -0.71963 0.000723668 -0.000196473
259.713 -4.5981e-05 -0.303042 -1.16261 -0.730914 0.000755467 -0.000210481
267.91 -4.98457e-05 -0.312773 -1.18024 -0.742241 0.000788538 -0.000225362
276.412 -5.39645e-05 -0.32272 -1.19793 -0.753612 0.00082293 -0.00024117
285.235 -5.83515e-05 -0.332888 -1.21569 -0.765028 0.000858698 -0.000257961
294.397 -6.30215e-05 -0.343282 -1.23351 -0.776491 0.000895896 -0.000275794
303.916 -6.79902e-05 -0.353908 -1.25141 -0.788001 0.000934584 -0.000294732
313.812 -7.3274e-05 -0.364771 -1.26938 -0.79956 0.000974822 -0.000314844
324.104 -7.88905e-05 -0.375879 -1.28742 -0.811169 0.00101667 -0.000336202
334.815 -8.4858e-05 -0.387236 -1.30555 -0.822829 0.00106021 -0.000358884
345.97 -9.11962e-05 -0.398851 -1.32376 -0.834541 0.0011055 -0.000382972
357.591 -9.79257e-05 -0.410729 -1.34205 -0.846306 0.00115261 -0.000408555
369.707 -0.000105069 -0.422879 -1.36043 -0.858125 0.00120162 -0.000435728
382.347 -0.000112648 -0.435308 -1.3789 -0.869999 0.00125262 -0.000464592
395.539 -0.000120689 -0.448024 -1.39746 -0.881929 0.0013057 -0.000495257
409.318 -0.000129218 -0.461035 -1.41612 -0.893917 0.00136092 -0.000527838
423.717 -0.000138263 -0.47435 -1.43489 -0.905962 0.00141841 -0.000562461
438.775 -0.000147854 -0.487978 -1.45375 -0.918067 0.00147824 -0.00059926
