2.19896 3.22544e-09 -0.000110392 -0.0162399 -0.010048 2.87466e-06 -4.47896e-09
4.39978 9.88226e-09 -0.000331214 -0.0324811 -0.0200974 5.69943e-06 -1.17336e-08
6.60368 2.01437e-08 -0.000662528 -0.0487237 -0.0301485 8.47584e-06 -2.10598e-08
8.81189 3.41314e-08 -0.00110442 -0.0649681 -0.0402017 1.12055e-05 -3.16978e-08
11.0257 5.19147e-08 -0.00165699 -0.0812146 -0.0502574 1.38899e-05 -4.2833e-08
13.2462 7.35103e-08 -0.00232037 -0.0974634 -0.0603159 1.65308e-05 -5.35973e-08
15.4749 9.88813e-08 -0.0030947 -0.113715 -0.0703777 1.913e-05 -6.30707e-08
17.7128 1.27936e-07 -0.00398015 -0.129969 -0.0804432 2.16892e-05 -7.02837e-08
19.9614 1.60528e-07 -0.0049769 -0.146226 -0.0905128 2.42106e-05 -7.4219e-08
22.2219 1.96454e-07 -0.00608517 -0.162487 -0.100587 2.6696e-05 -7.3815e-08
24.4955 2.35453e-07 -0.0073052 -0.178752 -0.110666 2.91477e-05 -6.79687e-08
26.7838 2.77204e-07 -0.00863722 -0.19502 -0.12075 3.15681e-05 -5.55393e-08
29.0879 3.21328e-07 -0.0100815 -0.211293 -0.130839 3.39597e-05 -3.53517e-08
31.4092 3.67382e-07 -0.0116384 -0.227571 -0.140935 3.6325e-05 -6.20114e-09
33.7493 4.14861e-07 -0.0133082 -0.243853 -0.151037 3.86671e-05 3.31429e-08
36.1094 4.63195e-07 -0.0150912 -0.260141 -0.161146 4.09888e-05 8.39318e-08
38.4911 5.11746e-07 -0.0169879 -0.276434 -0.171263 4.32934e-05 1.47433e-07
40.8958 5.59809e-07 -0.0189986 -0.292733 -0.181387 4.55843e-05 2.24924e-07
43.325 6.06607e-07 -0.0211237 -0.309039 -0.191519 4.78653e-05 3.1769e-07
45.7804 6.5129e-07 -0.0233637 -0.325351 -0.20166 5.01402e-05 4.27015e-07
48.2634 6.92935e-07 -0.025719 -0.34167 -0.211809 5.24131e-05 5.54177e-07
50.7757 7.30539e-07 -0.0281902 -0.357996 -0.221968 5.46884e-05 7.00444e-07
53.3191 7.63022e-07 -0.0307778 -0.37433 -0.232137 5.69707e-05 8.67066e-07
55.8951 7.8922e-07 -0.0334824 -0.390673 -0.242317 5.92649e-05 1.05527e-06
58.5057 8.07884e-07 -0.0363044 -0.407024 -0.252507 6.15762e-05 1.26626e-06
61.1525 8.17677e-07 -0.0392447 -0.423383 -0.262708 6.39101e-05 1.50119e-06
63.8376 8.17172e-07 -0.0423037 -0.439753 -0.272921 6.62723e-05 1.76119e-06
66.5628 8.04848e-07 -0.0454822 -0.456132 -0.283146 6.86688e-05 2.04732e-06
69.3301 7.79084e-07 -0.0487809 -0.472522 -0.293383 7.1106e-05 2.36062e-06
72.1416 7.38162e-07 -0.0522006 -0.488922 -0.303634 7.35905e-05 2.70204e-06
74.9995 6.80257e-07 -0.055742 -0.505334 -0.313898 7.61293e-05 3.07247e-06
77.906 6.03436e-07 -0.059406 -0.521757 -0.324177 7.87298e-05 3.47273e-06
80.8633 5.05655e-07 -0.0631934 -0.538194 -0.33447 8.13995e-05 3.90356e-06
83.8739 3.84753e-07 -0.0671052 -0.554643 -0.344778 8.41466e-05 4.36562e-06
86.9402 2.38446e-07 -0.0711422 -0.571106 -0.355102 8.69793e-05 4.85946e-06
90.0648 6.43277e-08 -0.0753055 -0.587582 -0.365442 8.99063e-05 5.38554e-06
93.2504 -1.40141e-07 -0.0795961 -0.604074 -0.375798 9.29368e-05 5.94422e-06
96.4996 -3.77634e-07 -0.0840152 -0.620582 -0.386172 9.60803e-05 6.53572e-06
99.8155 -6.50967e-07 -0.0885637 -0.637105 -0.396564 9.93466e-05 7.16018e-06
103.201 -9.63101e-07 -0.093243 -0.653646 -0.406974 0.000102746 7.81756e-06
106.659 -1.31715e-06 -0.0980542 -0.670204 -0.417403 0.000106289 8.50773e-06
110.194 -1.71639e-06 -0.102999 -0.686781 -0.427852 0.000109987 9.23039e-06
113.807 -2.16426e-06 -0.108078 -0.703377 -0.438321 0.000113852 9.98509e-06
117.504 -2.66437e-06 -0.113293 -0.719993 -0.448811 0.000117895 1.07712e-05
121.287 -3.22052e-06 -0.118645 -0.73663 -0.459322 0.00012213 1.1588e-05
125.161 -3.83668e-06 -0.124137 -0.753289 -0.469856 0.000126568 1.24345e-05
129.13 -4.51703e-06 -0.129769 -0.76997 -0.480412 0.000131225 1.33095e-05
133.197 -5.26596e-06 -0.135543 -0.786676 -0.490992 0.000136112 1.42118e-05
137.368 -6.08806e-06 -0.141462 -0.803407 -0.501596 0.000141247 1.51397e-05
141.647 -6.98815e-06 -0.147526 -0.820163 -0.512225 0.000146642 1.60914e-05
146.039 -7.9713e-06 -0.153738 -0.836947 -0.522879 0.000152315 1.7065e-05
150.549 -9.04279e-06 -0.160101 -0.853758 -0.53356 0.000158282 1.80582e-05
155.182 -1.02082e-05 -0.166614 -0.8706 -0.544268 0.000164559 1.90685e-05
159.945 -1.14733e-05 -0.173283 -0.887472 -0.555004 0.000171165 2.00931e-05
164.842 -1.28443e-05 -0.180107 -0.904375 -0.565769 0.000178118 2.11289e-05
169.881 -1.43275e-05 -0.18709 -0.921313 -0.576563 0.000185436 2.21725e-05
175.068 -1.59298e-05 -0.194235 -0.938285 -0.587388 0.000193141 2.32202e-05
180.41 -1.7658e-05 -0.201544 -0.955293 -0.598244 0.000201252 2.42679e-05
185.914 -1.95197e-05 -0.209019 -0.97234 -0.609132 0.000209791 2.53112e-05
191.588 -2.15225e-05 -0.216664 -0.989425 -0.620053 0.000218782 2.63452e-05
197.44 -2.36747e-05 -0.224481 -1.00655 -0.631008 0.000228246 2.73648e-05
203.479 -2.59847e-05 -0.232474 -1.02372 -0.641998 0.00023821 2.83642e-05
209.713 -2.84615e-05 -0.240646 -1.04094 -0.653024 0.000248697 2.93373e-05
216.153 -3.11146e-05 -0.249001 -1.0582 -0.664086 0.000259735 3.02775e-05
222.808 -3.39538e-05 -0.257541 -1.0755 -0.675186 0.000271352 3.11774e-05
229.689 -3.69895e-05 -0.266272 -1.09286 -0.686326 0.000283576 3.20294e-05
236.808 -4.02327e-05 -0.275196 -1.11028 -0.697505 0.000296438 3.28249e-05
244.176 -4.36948e-05 -0.284318 -1.12774 -0.708725 0.000309969 3.3555e-05
251.807 -4.73879e-05 -0.293642 -1.14526 -0.719987 0.000324203 3.42099e-05
259.713 -5.13248e-05 -0.303173 -1.16285 -0.731292 0.000339174 3.47789e-05
267.91 -5.55189e-05 -0.312915 -1.18049 -0.742642 0.000354919 3.52506e-05
276.412 -5.99842e-05 -0.322874 -1.1982 -0.754037 0.000371476 3.56127e-05
285.235 -6.47357e-05 -0.333054 -1.21597 -0.765478 0.000388884 3.58519e-05
294.397 -6.97891e-05 -0.343461 -1.23381 -0.776967 0.000407186 3.59539e-05
303.916 -7.5161e-05 -0.354101 -1.25173 -0.788505 0.000426426 3.5903e-05
313.812 -8.08688e-05 -0.36498 -1.26971 -0.800093 0.000446649 3.56825e-05
324.104 -8.69312e-05 -0.376104 -1.28778 -0.811732 0.000467905 3.52742e-05
334.815 -9.33677e-05 -0.387479 -1.30592 -0.823423 0.000490245 3.46585e-05
345.97 -0.000100199 -0.399112 -1.32415 -0.835168 0.000513722 3.3814e-05
357.591 -0.000107447 -0.411011 -1.34246 -0.846968 0.000538393 3.27177e-05
369.707 -0.000115136 -0.423182 -1.36087 -0.858823 0.000564319 3.13446e-05
382.347 -0.000123289 -0.435633 -1.37936 -0.870736 0.000591561 2.96673e-05
395.539 -0.000131934 -0.448373 -1.39795 -0.882706 0.000620187 2.76563e-05
409.318 -0.000141098 -0.46141 -1.41664 -0.894735 0.000650268 2.52795e-05
423.717 -0.000150811 -0.474752 -1.43542 -0.906824 0.000681877 2.25017e-05
438.775 -0.000161105 -0.488409 -1.45432 -0.918974 0.000715093 1.92847e-05
