2.19896 6.30158e-09 -0.000237012 -0.027492 -0.0123666 2.88446e-06 -3.71576e-09
4.39978 1.96049e-08 -0.000711081 -0.0549837 -0.0247344 5.69433e-06 -7.68864e-09
6.60368 4.05085e-08 -0.00142228 -0.0824742 -0.0371034 8.44195e-06 -1.11321e-08
8.81189 6.94758e-08 -0.00237069 -0.109963 -0.0494739 1.11396e-05 -1.3546e-08
11.0257 1.06835e-07 -0.00355642 -0.137448 -0.061846 1.37998e-05 -1.47197e-08
13.2462 1.52776e-07 -0.0049796 -0.16493 -0.0742198 1.64348e-05 -1.47322e-08
15.4749 2.07349e-07 -0.00664035 -0.192406 -0.0865955 1.90573e-05 -1.39534e-08
17.7128 2.70463e-07 -0.00853884 -0.219878 -0.0989733 2.16796e-05 -1.30459e-08
19.9614 3.41881e-07 -0.0106752 -0.247342 -0.111353 2.43145e-05 -1.2966e-08
22.2219 4.21222e-07 -0.0130497 -0.2748 -0.123736 2.69746e-05 -1.49656e-08
24.4955 5.07949e-07 -0.0156625 -0.302249 -0.136121 2.96725e-05 -2.05942e-08
26.7838 6.01377e-07 -0.0185139 -0.329689 -0.148508 3.24212e-05 -3.17004e-08
29.0879 7.00661e-07 -0.021604 -0.357119 -0.160899 3.52334e-05 -5.04352e-08
31.4092 8.04794e-07 -0.0249332 -0.384538 -0.173292 3.8122e-05 -7.92536e-08
33.7493 9.12605e-07 -0.0285017 -0.411945 -0.185688 4.11002e-05 -1.20918e-07
36.1094 1.02275e-06 -0.0323098 -0.43934 -0.198088 4.4181e-05 -1.78501e-07
38.4911 1.13372e-06 -0.0363579 -0.466722 -0.210491 4.73776e-05 -2.55391e-07
40.8958 1.24382e-06 -0.0406464 -0.494089 -0.222898 5.07033e-05 -3.55291e-07
43.325 1.35117e-06 -0.0451754 -0.521441 -0.235308 5.41715e-05 -4.82229e-07
45.7804 1.4537e-06 -0.0499456 -0.548777 -0.247722 5.77957e-05 -6.4056e-07
48.2634 1.54914e-06 -0.0549572 -0.576097 -0.26014 6.15896e-05 -8.3497e-07
50.7757 1.63504e-06 -0.0602108 -0.603399 -0.272562 6.55668e-05 -1.07048e-06
53.3191 1.70871e-06 -0.0657067 -0.630682 -0.284989 6.97413e-05 -1.35247e-06
55.8951 1.76727e-06 -0.0714454 -0.657947 -0.297419 7.41272e-05 -1.68665e-06
58.5057 1.80762e-06 -0.0774275 -0.685191 -0.309855 7.87385e-05 -2.07911e-06
61.1525 1.82641e-06 -0.0836535 -0.712415 -0.322295 8.35897e-05 -2.53629e-06
63.8376 1.82007e-06 -0.090124 -0.739618 -0.334739 8.86952e-05 -3.06502e-06
66.5628 1.78478e-06 -0.0968395 -0.766798 -0.347189 9.40698e-05 -3.67251e-06
69.3301 1.71647e-06 -0.103801 -0.793955 -0.359643 9.97283e-05 -4.36637e-06
72.1416 1.61081e-06 -0.111008 -0.821089 -0.372103 0.000105686 -5.15463e-06
74.9995 1.4632e-06 -0.118463 -0.848198 -0.384568 0.000111958 -6.04572e-06
77.906 1.26876e-06 -0.126165 -0.875283 -0.397038 0.00011856 -7.04852e-06
80.8633 1.02232e-06 -0.134116 -0.902341 -0.409513 0.000125508 -8.17236e-06
83.8739 7.18405e-07 -0.142316 -0.929374 -0.421995 0.000132817 -9.42705e-06
86.9402 3.51243e-07 -0.150766 -0.956379 -0.434481 0.000140505 -1.08229e-05
90.0648 -8.52715e-08 -0.159467 -0.983356 -0.446974 0.000148588 -1.23706e-05
93.2504 -5.97573e-07 -0.16842 -1.01031 -0.459472 0.000157082 -1.40816e-05
96.4996 -1.19244e-06 -0.177626 -1.03723 -0.471977 0.000166005 -1.59676e-05
99.8155 -1.87702e-06 -0.187085 -1.06412 -0.484487 0.000175376 -1.80412e-05
103.201 -2.65882e-06 -0.196799 -1.09098 -0.497003 0.000185211 -2.03153e-05
106.659 -3.54574e-06 -0.20677 -1.11781 -0.509526 0.000195529 -2.28036e-05
110.194 -4.54609e-06 -0.216997 -1.14461 -0.522055 0.000206349 -2.55204e-05
113.807 -5.66858e-06 -0.227482 -1.17138 -0.53459 0.00021769 -2.84806e-05
117.504 -6.92236e-06 -0.238227 -1.19811 -0.547131 0.000229572 -3.17e-05
121.287 -8.31704e-06 -0.249233 -1.22482 -0.559678 0.000242015 -3.5195e-05
125.161 -9.8627e-06 -0.260501 -1.25149 -0.572232 0.000255039 -3.89828e-05
129.13 -1.15699e-05 -0.272033 -1.27813 -0.584793 0.000268667 -4.30816e-05
133.197 -1.34497e-05 -0.283829 -1.30473 -0.597359 0.000282919 -4.75101e-05
137.368 -1.55137e-05 -0.295892 -1.3313 -0.609932 0.000297819 -5.22884e-05
141.647 -1.77741e-05 -0.308224 -1.35784 -0.622512 0.000313388 -5.74371e-05
146.039 -2.02436e-05 -0.320825 -1.38434 -0.635098 0.000329651 -6.29782e-05
150.549 -2.29356e-05 -0.333698 -1.41081 -0.64769 0.000346631 -6.89346e-05
155.182 -2.58639e-05 -0.346845 -1.43725 -0.660288 0.000364354 -7.53303e-05
159.945 -2.90433e-05 -0.360267 -1.46365 -0.672893 0.000382846 -8.21905e-05
164.842 -3.2489e-05 -0.373967 -1.49001 -0.685503 0.000402133 -8.95418e-05
169.881 -3.6217e-05 -0.387946 -1.51634 -0.69812 0.000422242 -9.7412e-05
175.068 -4.02441e-05 -0.402207 -1.54264 -0.710743 0.000443201 -0.00010583
180.41 -4.45879e-05 -0.416753 -1.5689 -0.723371 0.00046504 -0.000114828
185.914 -4.92667e-05 -0.431585 -1.59513 -0.736005 0.000487788 -0.000124437
191.588 -5.42997e-05 -0.446707 -1.62132 -0.748644 0.000511477 -0.000134691
197.44 -5.97072e-05 -0.462121 -1.64748 -0.761288 0.000536137 -0.000145626
203.479 -6.55101e-05 -0.477829 -1.6736 -0.773938 0.000561803 -0.00015728
209.713 -7.17306e-05 -0.493835 -1.69969 -0.786592 0.000588507 -0.000169693
216.153 -7.83918e-05 -0.510142 -1.72575 -0.79925 0.000616287 -0.000182906
222.808 -8.55178e-05 -0.526753 -1.75177 -0.811913 0.000645176 -0.000196964
229.689 -9.3134e-05 -0.543671 -1.77777 -0.824579 0.000675215 -0.000211912
236.808 -0.000101267 -0.5609 -1.80373 -0.837248 0.00070644 -0.0002278
244.176 -0.000109945 -0.578443 -1.82966 -0.84992 0.000738894 -0.00024468
251.807 -0.000119197 -0.596305 -1.85555 -0.862595 0.000772617 -0.000262606
259.713 -0.000129053 -0.614489 -1.88142 -0.875271 0.000807652 -0.000281635
267.91 -0.000139546 -0.632999 -1.90726 -0.887948 0.000844044 -0.000301829
276.412 -0.000150709 -0.65184 -1.93307 -0.900626 0.00088184 -0.000323251
285.235 -0.000162578 -0.671016 -1.95885 -0.913304 0.000921088 -0.000345969
294.397 -0.000175191 -0.690532 -1.98461 -0.925981 0.000961836 -0.000370055
303.916 -0.000188585 -0.710394 -2.01034 -0.938656 0.00100414 -0.000395585
313.812 -0.000202803 -0.730605 -2.03604 -0.951328 0.00104804 -0.000422637
324.104 -0.000217887 -0.751171 -2.06172 -0.963996 0.00109361 -0.000451298
334.815 -0.000233883 -0.772099 -2.08738 -0.976659 0.0011409 -0.000481656
345.97 -0.00025084 -0.793393 -2.11301 -0.989316 0.00118996 -0.000513806
357.591 -0.000268806 -0.81506 -2.13863 -1.00197 0.00124086 -0.000547848
369.707 -0.000287836 -0.837105 -2.16422 -1.01461 0.00129367 -0.000583888
382.347 -0.000307986 -0.859536 -2.18979 -1.02724 0.00134844 -0.000622038
395.539 -0.000329315 -0.882358 -2.21535 -1.03986 0.00140525 -0.000662416
409.318 -0.000351885 -0.905579 -2.24089 -1.05246 0.00146416 -0.00070515
423.717 -0.000375763 -0.929206 -2.26642 -1.06505 0.00152525 -0.00075037
438.775 -0.000401019 -0.953246 -2.29193 -1.07762 0.0015886 -0.000798218
