0.54963 -0.0219898
1.09929 -0.0439792
1.649 -0.0659679
2.19877 -0.0879558
2.74864 -0.109942
3.2986 -0.131928
3.8487 -0.153911
4.39894 -0.175893
4.94934 -0.197872
5.49992 -0.219849
6.05071 -0.241824
6.60171 -0.263795
7.15296 -0.285763
7.70447 -0.307728
8.25625 -0.329689
8.80834 -0.351646
9.36074 -0.373599
9.91348 -0.395548
10.4666 -0.417491
11.0201 -0.43943
11.5739 -0.461363
12.1282 -0.483291
12.6829 -0.505214
13.2381 -0.52713
13.7937 -0.54904
14.3499 -0.570944
14.9065 -0.59284
15.4637 -0.61473
16.0215 -0.636613
16.5798 -0.658488
17.1387 -0.680355
17.6982 -0.702215
18.2583 -0.724066
18.8191 -0.745908
19.3806 -0.767742
19.9428 -0.789567
20.5057 -0.811382
21.0693 -0.833188
21.6336 -0.854985
22.1988 -0.876771
22.7647 -0.898547
23.3315 -0.920312
23.8991 -0.942067
24.4675 -0.963811
25.0368 -0.985543
25.6071 -1.00726
26.1782 -1.02897
26.7503 -1.05067
27.3233 -1.07236
27.8973 -1.09403
28.4724 -1.11569
29.0484 -1.13733
29.6255 -1.15897
30.2037 -1.18059
30.7829 -1.20219
31.3633 -1.22379
31.9448 -1.24536
32.5275 -1.26693
33.1113 -1.28848
33.6963 -1.31001
34.2826 -1.33153
34.8701 -1.35303
35.4589 -1.37452
36.0489 -1.39599
36.6403 -1.41744
37.233 -1.43888
37.8271 -1.46031
38.4225 -1.48171
39.0194 -1.5031
39.6176 -1.52447
40.2173 -1.54582
40.8185 -1.56716
41.4212 -1.58847
42.0255 -1.60977
42.6312 -1.63105
43.2386 -1.65231
43.8475 -1.67355
44.458 -1.69478
45.0702 -1.71598
45.6841 -1.73716
46.2996 -1.75833
46.9169 -1.77947
47.5359 -1.80059
48.1567 -1.82169
48.7793 -1.84277
49.4037 -1.86383
50.0299 -1.88487
50.658 -1.90589
51.288 -1.92688
51.9199 -1.94785
52.5538 -1.9688
53.1897 -1.98973
53.8275 -2.01063
54.4674 -2.03152
55.1094 -2.05237
55.7534 -2.07321
56.3996 -2.09402
57.0479 -2.1148
57.6983 -2.13557
58.351 -2.1563
59.0059 -2.17702
59.663 -2.1977
60.3225 -2.21837
60.9842 -2.239
61.6483 -2.25962
62.3147 -2.2802
62.9836 -2.30076
63.6549 -2.3213
64.3287 -2.3418
65.0049 -2.36228
65.6837 -2.38274
66.365 -2.40316
67.0489 -2.42356
67.7354 -2.44393
68.4246 -2.46428
69.1165 -2.48459
69.8111 -2.50488
70.5084 -2.52514
71.2085 -2.54537
71.9114 -2.56557
72.6172 -2.58574
73.3258 -2.60588
74.0374 -2.62599
74.7519 -2.64607
75.4694 -2.66613
76.1899 -2.68615
76.9135 -2.70614
77.6401 -2.7261
78.3699 -2.74603
79.1028 -2.76593
79.839 -2.7858
80.5784 -2.80564
81.321 -2.82544
82.067 -2.84521
82.8163 -2.86496
83.569 -2.88466
84.3251 -2.90434
85.0846 -2.92398
85.8477 -2.94359
86.6143 -2.96317
87.3846 -2.98271
88.1584 -3.00222
88.9359 -3.0217
89.7171 -3.04114
90.502 -3.06055
91.2908 -3.07993
92.0833 -3.09926
92.8798 -3.11857
93.6801 -3.13784
94.4844 -3.15707
95.2928 -3.17627
96.1051 -3.19544
96.9216 -3.21456
97.7422 -3.23366
98.567 -3.25271
99.3961 -3.27173
100.229 -3.29072
101.067 -3.30966
101.909 -3.32857
102.755 -3.34744
103.606 -3.36628
104.462 -3.38508
105.322 -3.40384
106.186 -3.42256
107.056 -3.44125
107.93 -3.45989
108.809 -3.4785
109.692 -3.49707
110.581 -3.5156
111.474 -3.53409
112.373 -3.55255
113.276 -3.57096
114.185 -3.58934
115.099 -3.60767
116.018 -3.62597
116.942 -3.64422
117.871 -3.66244
118.806 -3.68061
119.747 -3.69875
120.693 -3.71684
121.644 -3.7349
122.601 -3.75291
123.564 -3.77088
124.533 -3.78881
125.507 -3.8067
126.488 -3.82455
127.474 -3.84235
128.466 -3.86012
129.464 -3.87784
130.469 -3.89552
131.48 -3.91316
132.497 -3.93075
133.52 -3.94831
134.55 -3.96582
135.586 -3.98328
136.629 -4.00071
137.678 -4.01809
138.735 -4.03543
139.798 -4.05272
140.868 -4.06997
141.944 -4.08718
143.028 -4.10434
144.119 -4.12146
145.217 -4.13853
146.323 -4.15556
147.435 -4.17255
148.555 -4.18949
149.683 -4.20639
150.818 -4.22324
151.961 -4.24004
153.112 -4.25681
154.27 -4.27352
155.437 -4.29019
156.611 -4.30682
157.794 -4.3234
158.985 -4.33993
160.184 -4.35642
161.391 -4.37286
162.607 -4.38926
163.832 -4.40561
165.065 -4.42191
166.307 -4.43817
167.558 -4.45438
168.818 -4.47054
170.087 -4.48666
171.365 -4.50273
172.653 -4.51876
173.95 -4.53473
175.256 -4.55066
176.572 -4.56654
177.898 -4.58238
179.234 -4.59817
180.579 -4.61391
181.935 -4.6296
183.301 -4.64524
184.677 -4.66084
186.064 -4.67639
187.461 -4.69189
188.869 -4.70734
190.288 -4.72275
191.718 -4.7381
193.158 -4.75341
194.61 -4.76867
196.073 -4.78388
197.548 -4.79905
199.035 -4.81416
200.533 -4.82923
202.043 -4.84424
203.565 -4.85921
205.099 -4.87413
206.645 -4.889
208.204 -4.90382
209.775 -4.91859
211.36 -4.93332
212.957 -4.94799
214.567 -4.96261
216.191 -4.97719
217.827 -4.99171
219.478 -5.00619
221.142 -5.02062
222.82 -5.035
224.512 -5.04932
226.218 -5.0636
227.939 -5.07783
229.674 -5.09201
231.424 -5.10614
233.189 -5.12022
234.969 -5.13425
236.765 -5.14823
238.575 -5.16216
240.402 -5.17604
242.244 -5.18987
244.103 -5.20365
245.978 -5.21739
247.869 -5.23107
249.777 -5.2447
251.702 -5.25828
253.644 -5.27181
255.604 -5.2853
257.581 -5.29873
259.575 -5.31211
261.588 -5.32544
263.619 -5.33872
265.669 -5.35196
267.737 -5.36514
269.824 -5.37827
271.93 -5.39135
274.056 -5.40439
276.202 -5.41737
278.367 -5.4303
280.553 -5.44319
282.759 -5.45602
284.986 -5.4688
287.234 -5.48154
289.503 -5.49422
291.794 -5.50686
294.107 -5.51944
296.442 -5.53198
298.799 -5.54446
301.179 -5.5569
303.583 -5.56929
306.009 -5.58163
308.459 -5.59391
310.933 -5.60615
313.432 -5.61834
315.955 -5.63048
318.503 -5.64258
321.076 -5.65462
323.675 -5.66661
326.3 -5.67856
328.952 -5.69045
331.63 -5.7023
334.335 -5.7141
337.068 -5.72585
339.828 -5.73755
342.617 -5.7492
345.434 -5.7608
348.281 -5.77236
351.156 -5.78387
354.062 -5.79533
356.998 -5.80674
359.964 -5.8181
362.962 -5.82942
365.991 -5.84068
369.052 -5.8519
372.145 -5.86308
375.272 -5.8742
378.431 -5.88528
381.625 -5.89631
384.853 -5.9073
388.115 -5.91823
391.413 -5.92912
394.747 -5.93997
398.117 -5.95076
401.524 -5.96152
404.968 -5.97222
408.451 -5.98288
411.971 -5.99349
415.531 -6.00406
