0.556422 -0.0222524
1.11286 -0.0445046
1.66934 -0.0667564
2.22585 -0.0890075
2.78243 -0.111258
3.33908 -0.133507
3.89581 -0.155756
4.45263 -0.178003
5.00956 -0.200248
5.56662 -0.222492
6.12381 -0.244734
6.68114 -0.266975
7.23864 -0.289213
7.79631 -0.311449
8.35416 -0.333682
8.91221 -0.355913
9.47047 -0.378141
10.029 -0.400366
10.5877 -0.422587
11.1466 -0.444806
11.7059 -0.467021
12.2654 -0.489232
12.8252 -0.51144
13.3853 -0.533644
13.9457 -0.555843
14.5064 -0.578038
15.0675 -0.600229
15.6289 -0.622415
16.1907 -0.644596
16.7529 -0.666773
17.3154 -0.688944
17.8784 -0.711109
18.4418 -0.73327
19.0056 -0.755424
19.5698 -0.777573
20.1346 -0.799716
20.6997 -0.821853
21.2654 -0.843983
21.8316 -0.866107
22.3982 -0.888224
22.9654 -0.910334
23.5332 -0.932438
24.1015 -0.954534
24.6703 -0.976623
25.2397 -0.998704
25.8097 -1.02078
26.3804 -1.04284
26.9516 -1.0649
27.5235 -1.08695
28.096 -1.10899
28.6691 -1.13103
29.243 -1.15305
29.8175 -1.17507
30.3927 -1.19707
30.9686 -1.21907
31.5453 -1.24106
32.1227 -1.26304
32.7008 -1.285
33.2798 -1.30696
33.8595 -1.32891
34.44 -1.35085
35.0213 -1.37278
35.6034 -1.3947
36.1864 -1.41661
36.7702 -1.4385
37.3549 -1.46039
37.9405 -1.48226
38.5269 -1.50413
39.1143 -1.52598
39.7026 -1.54782
40.2919 -1.56965
40.882 -1.59146
41.4732 -1.61327
42.0654 -1.63506
42.6585 -1.65684
43.2527 -1.6786
43.8478 -1.70036
44.4441 -1.7221
45.0413 -1.74383
45.6397 -1.76554
46.2391 -1.78724
46.8397 -1.80893
47.4414 -1.83061
48.0442 -1.85227
48.6481 -1.87391
49.2532 -1.89554
49.8595 -1.91716
50.467 -1.93877
51.0757 -1.96035
51.6856 -1.98193
52.2968 -2.00349
52.9092 -2.02503
53.5229 -2.04656
54.1379 -2.06807
54.7542 -2.08957
55.3718 -2.11105
55.9907 -2.13251
56.611 -2.15396
57.2327 -2.17539
57.8558 -2.19681
58.4803 -2.21821
59.1061 -2.23959
59.7335 -2.26096
60.3623 -2.28231
60.9925 -2.30364
61.6243 -2.32495
62.2575 -2.34625
62.8923 -2.36753
63.5286 -2.38879
64.1665 -2.41003
64.8059 -2.43126
65.447 -2.45246
66.0896 -2.47365
66.7339 -2.49482
67.3798 -2.51597
68.0274 -2.5371
68.6767 -2.55821
69.3277 -2.57931
69.9804 -2.60038
70.6348 -2.62143
71.291 -2.64247
71.949 -2.66348
72.6087 -2.68448
73.2703 -2.70545
73.9337 -2.72641
74.5989 -2.74734
75.2661 -2.76825
75.9351 -2.78914
76.606 -2.81002
77.2788 -2.83087
77.9536 -2.85169
78.6304 -2.8725
79.3091 -2.89329
79.9899 -2.91405
80.6726 -2.93479
81.3575 -2.95552
82.0444 -2.97621
82.7333 -2.99689
83.4244 -3.01754
84.1176 -3.03817
84.813 -3.05878
85.5106 -3.07937
86.2103 -3.09993
86.9123 -3.12047
87.6164 -3.14099
88.3229 -3.16148
89.0316 -3.18195
89.7427 -3.20239
90.456 -3.22282
91.1717 -3.24321
91.8898 -3.26359
92.6102 -3.28394
93.3331 -3.30426
94.0584 -3.32456
94.7862 -3.34483
95.5165 -3.36509
96.2492 -3.38531
96.9845 -3.40551
97.7224 -3.42569
98.4628 -3.44584
99.2058 -3.46596
99.9515 -3.48606
100.7 -3.50613
101.451 -3.52618
102.204 -3.5462
102.961 -3.56619
103.72 -3.58616
104.482 -3.6061
105.247 -3.62601
106.014 -3.6459
106.785 -3.66576
107.558 -3.68559
108.334 -3.7054
109.113 -3.72518
109.896 -3.74493
110.681 -3.76465
111.469 -3.78435
112.26 -3.80402
113.054 -3.82366
113.851 -3.84327
114.652 -3.86285
115.455 -3.88241
116.262 -3.90194
117.072 -3.92143
117.885 -3.9409
118.702 -3.96034
119.522 -3.97975
120.345 -3.99914
121.171 -4.01849
122.001 -4.03781
122.835 -4.05711
123.671 -4.07637
124.511 -4.0956
125.355 -4.11481
126.202 -4.13398
127.053 -4.15313
127.908 -4.17224
128.766 -4.19132
129.628 -4.21038
130.493 -4.2294
131.362 -4.24839
132.235 -4.26735
133.112 -4.28628
133.993 -4.30518
134.877 -4.32404
135.766 -4.34288
136.658 -4.36168
137.554 -4.38045
138.455 -4.39919
139.359 -4.4179
140.267 -4.43658
141.18 -4.45522
142.097 -4.47384
143.018 -4.49242
143.943 -4.51096
144.872 -4.52948
145.806 -4.54796
146.744 -4.56641
147.687 -4.58483
148.634 -4.60321
149.585 -4.62156
150.541 -4.63988
151.501 -4.65816
152.466 -4.67641
153.436 -4.69463
154.41 -4.71281
155.389 -4.73096
156.373 -4.74907
157.361 -4.76715
158.355 -4.7852
159.353 -4.80321
160.356 -4.82119
161.364 -4.83914
162.377 -4.85705
163.395 -4.87492
164.419 -4.89276
165.447 -4.91057
166.481 -4.92834
167.52 -4.94607
168.564 -4.96377
169.613 -4.98144
170.668 -4.99907
171.728 -5.01666
172.794 -5.03422
173.865 -5.05174
174.942 -5.06923
176.025 -5.08668
177.113 -5.1041
178.207 -5.12148
179.306 -5.13882
180.412 -5.15613
181.523 -5.1734
182.64 -5.19064
183.764 -5.20783
184.893 -5.225
186.028 -5.24212
187.17 -5.25921
188.318 -5.27626
189.472 -5.29328
190.632 -5.31025
191.799 -5.3272
192.972 -5.3441
194.152 -5.36097
195.338 -5.3778
196.531 -5.39459
197.73 -5.41134
198.937 -5.42806
200.15 -5.44474
201.37 -5.46138
202.597 -5.47798
203.83 -5.49455
205.071 -5.51108
206.319 -5.52757
207.575 -5.54402
208.837 -5.56043
210.107 -5.57681
211.384 -5.59315
212.669 -5.60945
213.961 -5.62571
215.26 -5.64193
216.568 -5.65811
217.883 -5.67426
219.206 -5.69036
220.537 -5.70643
221.875 -5.72246
223.222 -5.73845
224.577 -5.7544
225.94 -5.77031
227.311 -5.78618
228.691 -5.80202
230.079 -5.81781
231.476 -5.83357
232.881 -5.84928
234.295 -5.86496
235.717 -5.88059
237.148 -5.89619
238.589 -5.91175
240.038 -5.92727
241.496 -5.94275
242.963 -5.95819
244.44 -5.97358
245.926 -5.98894
247.421 -6.00426
