0.000394596 -6.34292e-05 2.14031e-05 -0.0260747 4.5776e-06 0.00243511 1.90703e-06
0.000789232 -0.000190288 6.42078e-05 -0.0521491 9.15266e-06 0.00487026 5.72094e-06
0.0011838 -0.000380592 0.000128404 -0.078222 1.37726e-05 0.00730582 1.14413e-05
0.00157835 -0.000634354 0.000213993 -0.104293 1.85211e-05 0.00974176 1.90677e-05
0.00197364 -0.000951426 0.000321039 -0.130367 2.28347e-05 0.0121761 2.86084e-05
0.0023688 -0.001332 0.000449472 -0.156439 2.7367e-05 0.0146114 4.0055e-05
0.00276425 -0.00177599 0.00059933 -0.182511 3.17737e-05 0.0170468 5.3414e-05
0.00315955 -0.00228365 0.000770573 -0.208583 3.64314e-05 0.019484 6.86802e-05
0.0035554 -0.00285457 0.000963252 -0.234652 4.08592e-05 0.0219199 8.58615e-05
0.00395167 -0.00348889 0.00117737 -0.26072 4.5112e-05 0.0243558 0.00010496
0.00434772 -0.0041871 0.00141288 -0.286788 4.98142e-05 0.0267942 0.000125966
0.00474454 -0.00494838 0.00166984 -0.312852 5.41169e-05 0.0292308 0.000148895
0.00514143 -0.00577347 0.0019482 -0.338915 5.86078e-05 0.0316693 0.000173738
0.00553903 -0.00666171 0.00224803 -0.364974 6.28091e-05 0.0341065 0.000200507
0.00593672 -0.00761388 0.00256927 -0.391033 6.72337e-05 0.0365459 0.000229193
0.00633524 -0.00862908 0.00291199 -0.417088 7.13153e-05 0.0389838 0.000259811
0.00673382 -0.00970843 0.00327612 -0.443142 7.56805e-05 0.0414243 0.000292349
0.00713337 -0.0108506 0.00366176 -0.469191 7.96263e-05 0.043863 0.000326826
0.00753295 -0.0120572 0.0040688 -0.495241 8.39231e-05 0.0463048 0.000363226
0.00793366 -0.0133265 0.00449738 -0.521284 8.77172e-05 0.0487443 0.000401573
0.00833434 -0.0146605 0.00494735 -0.547328 9.19345e-05 0.0511876 0.000441845
0.00873633 -0.016057 0.00541885 -0.573367 9.5365e-05 0.0536286 0.000484082
0.00913827 -0.0175184 0.00591191 -0.599407 9.9702e-05 0.0560733 0.000528236
0.00954162 -0.0190421 0.00642638 -0.625439 0.000102925 0.0585154 0.00057437
0.00994489 -0.0206311 0.00696244 -0.651472 0.000107176 0.0609618 0.000622421
0.0103492 -0.0222827 0.00751983 -0.677493 0.000110843 0.0634065 0.000672431
0.0107542 -0.0239978 0.0080987 -0.703509 0.000114388 0.0658519 0.000724399
0.01116 -0.0257767 0.00869907 -0.72952 0.000117846 0.068298 0.000778327
0.0115666 -0.0276192 0.00932093 -0.755528 0.000121215 0.0707449 0.00083422
0.011974 -0.0295255 0.00996431 -0.78153 0.000124491 0.0731926 0.00089208
0.0123822 -0.0314955 0.0106292 -0.807527 0.00012767 0.0756411 0.000951913
0.0127913 -0.0335293 0.0113156 -0.83352 0.000130748 0.0780904 0.00101372
0.0132013 -0.0356268 0.0120235 -0.859507 0.000133721 0.0805405 0.00107751
0.0136123 -0.0377882 0.0127529 -0.885489 0.000136585 0.0829915 0.00114328
0.0140241 -0.0400133 0.0135038 -0.911465 0.000139337 0.0854433 0.00121104
0.0144369 -0.0423023 0.0142763 -0.937435 0.000141972 0.0878961 0.0012808
0.0148507 -0.0446552 0.0150703 -0.9634 0.000144485 0.0903498 0.00135255
0.0152655 -0.0470719 0.0158858 -0.989359 0.000146874 0.0928044 0.0014263
0.0156813 -0.0495524 0.0167228 -1.01531 0.000149132 0.09526 0.00150206
0.0160982 -0.0520969 0.0175814 -1.04126 0.000151256 0.0977165 0.00157983
0.0165161 -0.0547053 0.0184615 -1.0672 0.000153242 0.100174 0.00165961
0.0169352 -0.0573776 0.0193631 -1.09313 0.000155085 0.102633 0.00174141
0.0173553 -0.0601138 0.0202862 -1.11906 0.00015678 0.105092 0.00182524
0.0177765 -0.0629141 0.0212308 -1.14498 0.000158324 0.107553 0.0019111
0.0181989 -0.0657783 0.022197 -1.17089 0.00015971 0.110014 0.00199899
0.0186225 -0.0687065 0.0231847 -1.1968 0.000160935 0.112477 0.00208893
0.0190473 -0.0716987 0.0241939 -1.2227 0.000161993 0.11494 0.0021809
0.0194732 -0.0747549 0.0252245 -1.24859 0.000162881 0.117405 0.00227493
0.0199004 -0.0778752 0.0262767 -1.27447 0.000163592 0.119871 0.00237101
0.0203288 -0.0810595 0.0273504 -1.30035 0.000164121 0.122338 0.00246915
0.0207584 -0.0843079 0.0284456 -1.32622 0.000164465 0.124806 0.00256935
0.0211894 -0.0876204 0.0295622 -1.35208 0.000164617 0.127275 0.00267162
0.0216216 -0.090997 0.0307003 -1.37793 0.000164572 0.129745 0.00277597
0.0220551 -0.0944377 0.0318599 -1.40378 0.000164326 0.132217 0.0028824
0.0224899 -0.0979424 0.0330409 -1.42961 0.000163872 0.134689 0.00299091
0.0229261 -0.101511 0.0342434 -1.45544 0.000163206 0.137163 0.00310151
0.0233636 -0.105144 0.0354673 -1.48126 0.000162322 0.139638 0.00321421
0.0238025 -0.108842 0.0367126 -1.50707 0.000161214 0.142114 0.003329
0.0242428 -0.112603 0.0379793 -1.53287 0.000159876 0.144591 0.00344591
0.0246845 -0.116428 0.0392674 -1.55866 0.000158304 0.147069 0.00356492
0.0251275 -0.120318 0.0405768 -1.58445 0.000156491 0.149548 0.00368605
0.025572 -0.124272 0.0419076 -1.61022 0.000154432 0.152029 0.0038093
0.0260179 -0.12829 0.0432597 -1.63599 0.00015212 0.154511 0.00393467
0.0264653 -0.132372 0.0446331 -1.66174 0.00014955 0.156993 0.00406218
0.0269141 -0.136518 0.0460278 -1.68749 0.000146716 0.159477 0.00419182
0.0273643 -0.140728 0.0474438 -1.71322 0.000143736 0.161963 0.00432359
0.0278161 -0.145003 0.0488811 -1.73895 0.000140353 0.164449 0.00445753
0.0282694 -0.149342 0.0503397 -1.76467 0.000136692 0.166937 0.00459363
0.0287242 -0.153745 0.0518195 -1.79038 0.000132742 0.169425 0.00473188
0.0291805 -0.158213 0.0533205 -1.81608 0.000128495 0.171915 0.0048723
0.0296383 -0.162744 0.0548426 -1.84177 0.000123946 0.174406 0.00501488
0.0300977 -0.16734 0.0563859 -1.86745 0.000119089 0.176899 0.00515964
0.0305587 -0.172 0.0579503 -1.89311 0.000113916 0.179392 0.00530658
0.0310212 -0.176724 0.0595358 -1.91877 0.000108421 0.181886 0.00545571
0.0314853 -0.181512 0.0611424 -1.94442 0.000102597 0.184382 0.00560702
0.0319509 -0.186364 0.0627699 -1.97006 9.64372e-05 0.186879 0.00576053
0.0324182 -0.191281 0.0644185 -1.99568 8.99353e-05 0.189376 0.00591624
0.0328871 -0.196261 0.0660881 -2.0213 8.3084e-05 0.191875 0.00607415
0.0333576 -0.201306 0.0677786 -2.04691 7.58764e-05 0.194375 0.00623428
0.0338297 -0.206415 0.0694899 -2.0725 6.83052e-05 0.196876 0.00639662
0.0343034 -0.211588 0.0712222 -2.09808 6.03635e-05 0.199379 0.00656118
0.0347788 -0.216824 0.0729753 -2.12366 5.20439e-05 0.201882 0.00672797
0.0352558 -0.222125 0.0747492 -2.14922 4.33393e-05 0.204386 0.00689699
0.0357345 -0.22749 0.0765438 -2.17477 3.42423e-05 0.206891 0.00706824
0.0362149 -0.232919 0.0783592 -2.20031 2.47456e-05 0.209398 0.00724174
0.0366969 -0.238411 0.0801952 -2.22584 1.48415e-05 0.211905 0.00741748
0.0371807 -0.243968 0.0820519 -2.25135 4.52272e-06 0.214413 0.00759547
0.0376659 -0.249589 0.083929 -2.27685 -6.00195e-06 0.216923 0.00777568
0.038153 -0.255273 0.0858269 -2.30235 -1.71493e-05 0.219434 0.00795818
0.0386418 -0.261022 0.0877453 -2.32783 -2.87383e-05 0.221945 0.00814296
0.0391323 -0.266834 0.0896841 -2.3533 -4.07716e-05 0.224457 0.00833
0.0396246 -0.272709 0.0916434 -2.37876 -5.32573e-05 0.22697 0.00851931
0.0401186 -0.278648 0.093623 -2.4042 -6.62038e-05 0.229484 0.00871091
0.0406143 -0.284651 0.0956229 -2.42964 -7.96199e-05 0.231999 0.00890478
0.0411118 -0.290718 0.0976431 -2.45506 -9.35146e-05 0.234515 0.00910095
0.041611 -0.296847 0.0996835 -2.48047 -0.000107897 0.237031 0.0092994
0.042112 -0.303041 0.101744 -2.50587 -0.000122778 0.239549 0.00950016
0.0426148 -0.309297 0.103825 -2.53125 -0.000138167 0.242067 0.00970322
0.0431194 -0.315617 0.105926 -2.55662 -0.000154073 0.244586 0.00990858
0.0436257 -0.322 0.108046 -2.58198 -0.000170507 0.247105 0.0101163
0.0441339 -0.328447 0.110187 -2.60733 -0.000187475 0.249625 0.0103263
0.0446439 -0.334956 0.112348 -2.63267 -0.000204987 0.252146 0.0105386
0.0451557 -0.341529 0.114529 -2.65799 -0.00022305 0.254668 0.0107532
0.0456692 -0.348165 0.116729 -2.6833 -0.000241568 0.25719 0.0109702
0.0461846 -0.354864 0.118949 -2.7086 -0.000260686 0.259714 0.0111895
0.0467019 -0.361626 0.121189 -2.73388 -0.000280378 0.262238 0.0114112
0.047221 -0.368451 0.123449 -2.75916 -0.000300648 0.264762 0.0116352
0.0477419 -0.375339 0.125728 -2.78441 -0.000321504 0.267287 0.0118615
0.0482647 -0.382289 0.128027 -2.80966 -0.000342954 0.269812 0.0120902
0.0487894 -0.389302 0.130345 -2.83489 -0.000365009 0.272338 0.0123212
0.0493159 -0.396377 0.132682 -2.86011 -0.000387675 0.274864 0.0125546
0.0498443 -0.403515 0.135039 -2.88532 -0.000410964 0.277391 0.0127904
0.0503746 -0.410714 0.137415 -2.91051 -0.000434909 0.279919 0.0130285
0.0509069 -0.417978 0.13981 -2.9357 -0.000459461 0.282447 0.0132691
0.0514411 -0.425304 0.142225 -2.96087 -0.000484678 0.284975 0.013512
0.0519772 -0.432693 0.144659 -2.98603 -0.000510554 0.287505 0.0137574
0.0525153 -0.440143 0.147112 -3.01117 -0.000537099 0.290034 0.0140051
0.0530553 -0.447656 0.149585 -3.03631 -0.000564321 0.292564 0.0142552
0.0535973 -0.45523 0.152076 -3.06143 -0.000592231 0.295094 0.0145077
0.0541412 -0.462866 0.154585 -3.08654 -0.000620838 0.297624 0.0147627
0.0546871 -0.470565 0.157114 -3.11163 -0.000650152 0.300155 0.01502
0.055235 -0.478324 0.159661 -3.13671 -0.000680183 0.302686 0.0152797
0.0557849 -0.486146 0.162228 -3.16178 -0.000710939 0.305217 0.0155419
0.0563368 -0.494028 0.164812 -3.18683 -0.000742432 0.307748 0.0158065
0.0568906 -0.501972 0.167415 -3.21188 -0.00077467 0.31028 0.0160735
0.0574465 -0.509978 0.170037 -3.2369 -0.000807664 0.312811 0.016343
0.0580045 -0.518044 0.172677 -3.26192 -0.000841424 0.315343 0.0166149
0.0585644 -0.526172 0.175335 -3.28692 -0.00087596 0.317875 0.0168892
0.0591264 -0.53436 0.178012 -3.31191 -0.000911282 0.320406 0.017166
0.0596905 -0.542609 0.180706 -3.33689 -0.0009474 0.322938 0.0174452
0.0602567 -0.550919 0.183419 -3.36185 -0.000984324 0.32547 0.0177269
0.0608249 -0.55929 0.18615 -3.3868 -0.00102207 0.328002 0.018011
0.0613952 -0.567721 0.188899 -3.41174 -0.00106063 0.330534 0.0182977
0.0619677 -0.576212 0.191666 -3.43666 -0.00110004 0.333065 0.0185867
0.0625422 -0.584764 0.19445 -3.46157 -0.0011403 0.335597 0.0188783
0.0631189 -0.593376 0.197252 -3.48647 -0.00118141 0.338129 0.0191723
0.0636978 -0.602048 0.200072 -3.51135 -0.00122339 0.34066 0.0194689
0.0642788 -0.610779 0.20291 -3.53622 -0.00126626 0.343191 0.0197679
0.0648619 -0.619571 0.205764 -3.56108 -0.00131001 0.345722 0.0200694
0.0654473 -0.628422 0.208637 -3.58592 -0.00135467 0.348252 0.0203734
0.0660348 -0.637332 0.211527 -3.61075 -0.00140024 0.350783 0.0206799
0.0666245 -0.646302 0.214433 -3.63557 -0.00144673 0.353313 0.0209889
0.0672165 -0.655331 0.217358 -3.66037 -0.00149416 0.355843 0.0213005
0.0678107 -0.664419 0.220299 -3.68517 -0.00154253 0.358372 0.0216146
0.0684071 -0.673566 0.223257 -3.70994 -0.00159187 0.360901 0.0219311
0.0690058 -0.682772 0.226232 -3.73471 -0.00164217 0.36343 0.0222503
0.0696068 -0.692037 0.229224 -3.75946 -0.00169345 0.365958 0.0225719
0.07021 -0.70136 0.232233 -3.7842 -0.00174573 0.368486 0.0228961
0.0708156 -0.710742 0.235259 -3.80893 -0.00179901 0.371013 0.0232228
0.0714235 -0.720181 0.238301 -3.83364 -0.0018533 0.37354 0.0235521
0.0720337 -0.729679 0.241359 -3.85834 -0.00190862 0.376066 0.023884
0.0726463 -0.739235 0.244434 -3.88303 -0.00196498 0.378592 0.0242184
0.0732612 -0.748849 0.247526 -3.90771 -0.00202239 0.381117 0.0245554
0.0738785 -0.75852 0.250634 -3.93237 -0.00208086 0.383641 0.0248949
0.0744981 -0.76825 0.253757 -3.95702 -0.00214035 0.386165 0.025237
0.0751201 -0.778034 0.256897 -3.98165 -0.00220098 0.388688 0.0255817
0.0757446 -0.787876 0.260052 -4.00627 -0.0022627 0.39121 0.025929
0.0763715 -0.797775 0.263224 -4.03088 -0.00232553 0.393731 0.0262788
0.0770008 -0.807731 0.266411 -4.05548 -0.00238948 0.396252 0.0266313
0.0776326 -0.817743 0.269614 -4.08006 -0.00245457 0.398771 0.0269863
0.0782669 -0.827812 0.272832 -4.10463 -0.0025208 0.40129 0.027344
0.0789037 -0.837937 0.276066 -4.12918 -0.0025882 0.403808 0.0277042
0.079543 -0.848118 0.279316 -4.15373 -0.00265676 0.406326 0.0280671
0.0801848 -0.858355 0.28258 -4.17826 -0.00272652 0.408842 0.0284326
0.0808292 -0.868647 0.28586 -4.20278 -0.00279747 0.411357 0.0288008
0.0814762 -0.878996 0.289155 -4.22729 -0.00286963 0.413871 0.0291716
0.0821257 -0.889399 0.292465 -4.25178 -0.00294302 0.416385 0.029545
0.0827779 -0.899858 0.29579 -4.27626 -0.00301764 0.418897 0.0299211
0.0834327 -0.910372 0.29913 -4.30073 -0.00309352 0.421408 0.0302998
0.08409 -0.920942 0.302484 -4.32519 -0.00317061 0.423919 0.0306812
0.0847499 -0.931563 0.305852 -4.34963 -0.00324901 0.426428 0.0310652
0.0854126 -0.942239 0.309235 -4.37406 -0.00332869 0.428935 0.0314518
0.0860779 -0.952969 0.312633 -4.39847 -0.00340967 0.431442 0.0318412
0.0867459 -0.963753 0.316044 -4.42287 -0.00349197 0.433947 0.0322332
0.0874167 -0.974591 0.319469 -4.44726 -0.00357566 0.436451 0.0326279
0.0880903 -0.985484 0.32291 -4.47165 -0.00366061 0.438954 0.0330253
0.0887667 -0.99643 0.326364 -4.49602 -0.00374696 0.441455 0.0334255
0.0894458 -1.00743 0.329832 -4.52037 -0.00383468 0.443956 0.0338283
0.0901278 -1.01848 0.333314 -4.54472 -0.00392378 0.446455 0.0342339
0.0908126 -1.02959 0.336809 -4.56905 -0.00401428 0.448953 0.0346422
0.0915002 -1.04075 0.340318 -4.59337 -0.00410619 0.451449 0.0350532
0.0921907 -1.05195 0.34384 -4.61768 -0.00419953 0.453944 0.0354669
0.0928841 -1.06322 0.347375 -4.64198 -0.0042943 0.456437 0.0358833
0.0935804 -1.07453 0.350923 -4.66626 -0.00439053 0.458929 0.0363025
0.0942795 -1.08589 0.354485 -4.69053 -0.00448823 0.461419 0.0367244
0.0949816 -1.09731 0.358058 -4.71479 -0.00458741 0.463908 0.0371491
0.0956866 -1.10878 0.361645 -4.73903 -0.00468809 0.466394 0.0375765
0.0963946 -1.12029 0.365244 -4.76327 -0.00479027 0.46888 0.0380066
0.0971055 -1.13186 0.368855 -4.78748 -0.00489398 0.471363 0.0384395
0.0978195 -1.14348 0.372479 -4.81169 -0.00499923 0.473845 0.0388752
0.0985364 -1.15514 0.376114 -4.83588 -0.00510602 0.476324 0.0393135
0.0992563 -1.16686 0.379761 -4.86006 -0.00521438 0.478802 0.0397547
0.0999791 -1.17862 0.383419 -4.88422 -0.00532432 0.481277 0.0401985
0.100705 -1.19043 0.387089 -4.90837 -0.00543585 0.483751 0.0406451
0.101434 -1.20228 0.390769 -4.9325 -0.00554898 0.486222 0.0410944
0.102166 -1.21419 0.394461 -4.95661 -0.0056637 0.48869 0.0415464
0.102901 -1.22614 0.398166 -4.98072 -0.00577994 0.491158 0.0420014
0.10364 -1.23816 0.401886 -5.00485 -0.00589806 0.493627 0.0424597
0.104383 -1.25024 0.405618 -5.02898 -0.00601784 0.496095 0.042921
0.105129 -1.26235 0.409361 -5.05308 -0.0061394 0.49856 0.043385
0.105878 -1.27451 0.413113 -5.07718 -0.00626273 0.501023 0.0438519
0.10663 -1.28672 0.416875 -5.10125 -0.00638772 0.503483 0.0443214
0.107386 -1.29897 0.420647 -5.12531 -0.00651462 0.50594 0.0447938
0.108144 -1.31126 0.424429 -5.14935 -0.0066428 0.508395 0.0452688
0.108906 -1.3236 0.42822 -5.17337 -0.00677303 0.510847 0.0457466
0.10967 -1.33598 0.43202 -5.19737 -0.00690469 0.513296 0.0462271
0.110438 -1.3484 0.435828 -5.22136 -0.00703836 0.515743 0.0467103
0.111209 -1.36087 0.439646 -5.24533 -0.00717379 0.518186 0.0471963
0.111984 -1.37338 0.443472 -5.26928 -0.00731101 0.520626 0.0476851
0.112761 -1.38592 0.447306 -5.29321 -0.00745003 0.523064 0.0481766
0.113542 -1.39851 0.451148 -5.31713 -0.00759088 0.525499 0.0486708
0.114326 -1.41114 0.454999 -5.34102 -0.00773355 0.52793 0.0491678
0.115114 -1.42381 0.458857 -5.3649 -0.00787806 0.530358 0.0496675
0.115904 -1.43652 0.462722 -5.38875 -0.00802442 0.532783 0.0501699
0.116698 -1.44926 0.466594 -5.41259 -0.00817264 0.535205 0.050675
0.117495 -1.46205 0.470473 -5.43641 -0.00832273 0.537623 0.0511828
0.118295 -1.47487 0.474359 -5.4602 -0.00847471 0.540038 0.0516933
0.119099 -1.48773 0.478251 -5.48398 -0.00862858 0.542449 0.0522065
0.119906 -1.50062 0.48215 -5.50773 -0.00878435 0.544857 0.0527224
0.120716 -1.51355 0.486054 -5.53146 -0.00894204 0.547261 0.053241
0.12153 -1.52651 0.489964 -5.55517 -0.00910165 0.549661 0.0537622
0.122346 -1.53951 0.493879 -5.57885 -0.00926319 0.552057 0.0542862
0.123166 -1.55255 0.4978 -5.60251 -0.00942667 0.55445 0.0548127
0.12399 -1.56561 0.501725 -5.62615 -0.00959209 0.556839 0.0553419
0.124817 -1.57871 0.505656 -5.64977 -0.00975948 0.559223 0.0558738
0.125647 -1.59185 0.509591 -5.67337 -0.00992888 0.561604 0.0564084
0.12648 -1.60501 0.513531 -5.69694 -0.0101003 0.563981 0.0569456
0.127317 -1.61821 0.517475 -5.72049 -0.0102737 0.566354 0.0574855
0.128157 -1.63144 0.521422 -5.74402 -0.0104491 0.568723 0.058028
0.129001 -1.6447 0.525374 -5.76752 -0.0106265 0.571088 0.0585732
0.129848 -1.65799 0.529328 -5.79101 -0.0108063 0.57345 0.0591212
0.130699 -1.67132 0.533288 -5.81447 -0.0109879 0.575807 0.0596718
0.131553 -1.68467 0.537249 -5.83791 -0.0111716 0.57816 0.060225
0.132411 -1.69805 0.541216 -5.86132 -0.011357 0.580508 0.0607807
0.133272 -1.71146 0.545184 -5.88471 -0.0115448 0.582853 0.0613393
0.134137 -1.7249 0.549153 -5.90809 -0.0117352 0.585195 0.0619007
0.135005 -1.73837 0.553127 -5.93144 -0.0119271 0.587531 0.0624645
0.135877 -1.75187 0.557102 -5.95476 -0.0121214 0.589863 0.0630311
0.136753 -1.7654 0.56108 -5.97807 -0.0123177 0.592191 0.0636003
0.137632 -1.77895 0.565059 -6.00135 -0.0125162 0.594515 0.0641722
0.138515 -1.79253 0.569041 -6.02461 -0.0127169 0.596834 0.0647467
0.139401 -1.80614 0.573023 -6.04785 -0.0129198 0.599149 0.0653239
0.140291 -1.81976 0.577008 -6.07106 -0.0131242 0.601459 0.0659036
0.141185 -1.83342 0.580992 -6.09425 -0.0133317 0.603765 0.0664861
0.142082 -1.8471 0.584977 -6.11742 -0.0135411 0.606067 0.0670712
0.142983 -1.8608 0.588961 -6.14056 -0.0137527 0.608364 0.0676588
0.143887 -1.87453 0.592945 -6.16367 -0.0139666 0.610655 0.0682489
0.144795 -1.88827 0.596926 -6.18675 -0.0141827 0.612942 0.0688414
0.145706 -1.90203 0.600905 -6.20979 -0.014401 0.615222 0.0694363
0.14662 -1.9158 0.604881 -6.23279 -0.0146213 0.617496 0.0700332
0.147536 -1.92958 0.608849 -6.25575 -0.0148441 0.619763 0.0706322
0.148456 -1.94337 0.612816 -6.27866 -0.0150686 0.622024 0.0712333
0.149379 -1.95717 0.616783 -6.30155 -0.0152949 0.62428 0.0718369
0.150307 -1.97102 0.620757 -6.32444 -0.0155228 0.626533 0.0724435
0.151241 -1.98492 0.624734 -6.34736 -0.0157545 0.628788 0.0730542
0.152181 -1.99885 0.628718 -6.37029 -0.0159882 0.631041 0.0736684
0.153126 -2.01284 0.632705 -6.39324 -0.0162253 0.633293 0.0742864
0.154075 -2.02686 0.636695 -6.41619 -0.0164647 0.635543 0.0749077
0.15503 -2.04091 0.640687 -6.43914 -0.0167069 0.63779 0.0755322
0.155989 -2.05498 0.644673 -6.46206 -0.016952 0.640033 0.0761595
0.15695 -2.06905 0.648652 -6.48493 -0.0171991 0.642267 0.0767886
0.157915 -2.08313 0.652625 -6.50777 -0.0174485 0.644495 0.0774198
0.158883 -2.09722 0.656595 -6.53057 -0.0176998 0.646718 0.0780534
0.159855 -2.11134 0.660562 -6.55335 -0.0179535 0.648936 0.0786897
0.160832 -2.12547 0.664528 -6.57612 -0.0182095 0.65115 0.0793288
0.161813 -2.13963 0.668491 -6.59887 -0.0184683 0.65336 0.0799707
0.162799 -2.1538 0.672451 -6.62161 -0.0187294 0.655565 0.0806153
0.163789 -2.168 0.676407 -6.64433 -0.0189931 0.657767 0.0812628
0.164783 -2.18222 0.680361 -6.66703 -0.0192593 0.659963 0.081913
0.165781 -2.19645 0.68431 -6.68971 -0.019528 0.662156 0.0825659
0.166784 -2.2107 0.688254 -6.71238 -0.0197994 0.664344 0.0832217
0.167791 -2.22497 0.692196 -6.73502 -0.020073 0.666527 0.0838801
0.168803 -2.23926 0.696132 -6.75765 -0.0203495 0.668706 0.0845413
0.169819 -2.25356 0.700064 -6.78026 -0.0206283 0.67088 0.0852051
0.170839 -2.26788 0.70399 -6.80285 -0.0209097 0.673049 0.0858716
0.171864 -2.28221 0.70791 -6.82541 -0.0211936 0.675214 0.0865407
0.172893 -2.29656 0.711825 -6.84795 -0.0214801 0.677373 0.0872124
0.173926 -2.31092 0.715733 -6.87048 -0.0217691 0.679528 0.0878867
0.174964 -2.32529 0.719635 -6.89298 -0.0220606 0.681677 0.0885637
0.176006 -2.33967 0.723532 -6.91546 -0.0223544 0.683822 0.0892432
0.177052 -2.35407 0.727419 -6.93791 -0.0226514 0.685961 0.0899254
0.178102 -2.36848 0.7313 -6.96034 -0.0229504 0.688096 0.09061
0.179157 -2.38289 0.735173 -6.98275 -0.0232523 0.690225 0.0912973
0.180217 -2.39732 0.739035 -7.00514 -0.0235572 0.692349 0.0919872
0.181279 -2.41174 0.742892 -7.02748 -0.0238632 0.694466 0.0926787
0.182345 -2.42616 0.746731 -7.04978 -0.0241729 0.696576 0.0933724
0.183418 -2.44063 0.750583 -7.0721 -0.0244829 0.698686 0.0940695
0.184497 -2.45512 0.754427 -7.09444 -0.0247978 0.700794 0.0947709
0.18557 -2.46948 0.758198 -7.11653 -0.0251174 0.702873 0.095469
