0.000394596 -8.71339e-05 2.90437e-05 -0.0358122 -3.9327e-06 0.0024329 1.92777e-06
0.000789232 -0.000261403 8.71291e-05 -0.0716241 -7.86836e-06 0.00486584 5.78315e-06
0.0011838 -0.000522839 0.000174246 -0.107436 -1.17649e-05 0.00729921 1.15658e-05
0.00157835 -0.000871465 0.000290396 -0.143247 -1.55354e-05 0.00973295 1.92752e-05
0.00197364 -0.00130702 0.000435652 -0.179055 -1.97266e-05 0.012165 2.89195e-05
0.0023688 -0.00182984 0.000609941 -0.214864 -2.37072e-05 0.0145982 4.04905e-05
0.00276425 -0.00243978 0.000813304 -0.250673 -2.78161e-05 0.0170313 5.39947e-05
0.00315955 -0.00313726 0.00104571 -0.286489 -3.16913e-05 0.0194663 6.94273e-05
0.0035554 -0.00392161 0.0013072 -0.322296 -3.57859e-05 0.0219 8.67955e-05
0.00395167 -0.00479308 0.00159778 -0.358102 -4.00573e-05 0.0243337 0.000106102
0.00434772 -0.00575244 0.00191743 -0.393917 -4.39004e-05 0.0267699 0.000127337
0.00474454 -0.00679841 0.00226619 -0.429719 -4.81305e-05 0.0292043 0.000150515
0.00514143 -0.00793216 0.00264403 -0.465528 -5.21897e-05 0.0316405 0.000175629
0.00553903 -0.00915265 0.003051 -0.501327 -5.65306e-05 0.0340756 0.00020269
0.00593672 -0.0104611 0.00348708 -0.537134 -6.06677e-05 0.0365127 0.000231689
0.00633524 -0.0118562 0.0039523 -0.572929 -6.51384e-05 0.0389484 0.000262641
0.00673382 -0.0133396 0.00444666 -0.608734 -6.93492e-05 0.0413867 0.000295535
0.00713337 -0.0149093 0.00497019 -0.644525 -7.39668e-05 0.0438232 0.000330388
0.00753295 -0.0165677 0.00552287 -0.680328 -7.82618e-05 0.0462628 0.000367185
0.00793366 -0.0183122 0.00610475 -0.716114 -8.30434e-05 0.0487001 0.000405951
0.00833434 -0.0201459 0.0067158 -0.751915 -8.74357e-05 0.0511412 0.000446664
0.00873633 -0.0220655 0.00735604 -0.787701 -9.26035e-05 0.05358 0.000489363
0.00913827 -0.0240748 0.00802568 -0.823501 -9.68873e-05 0.0560225 0.000534001
0.00954162 -0.0261695 0.00872437 -0.859281 -0.000102279 0.0584624 0.00058064
0.00994489 -0.0283544 0.00945252 -0.895077 -0.000106668 0.0609065 0.000629218
0.0103492 -0.0306252 0.0102097 -0.930854 -0.00011164 0.0633491 0.000679776
0.0107542 -0.0329838 0.010996 -0.966627 -0.000116743 0.0657923 0.000732314
0.01116 -0.0354301 0.0118117 -1.0024 -0.000121943 0.0682362 0.000786835
0.0115666 -0.0379642 0.0126566 -1.03816 -0.000127243 0.0706809 0.000843341
0.011974 -0.0405861 0.0135308 -1.07393 -0.000132646 0.0731263 0.000901838
0.0123822 -0.043296 0.0144343 -1.10969 -0.000138157 0.0755726 0.000962329
0.0127913 -0.0460937 0.0153671 -1.14544 -0.000143779 0.0780197 0.00102482
0.0132013 -0.0489795 0.0163293 -1.18119 -0.000149517 0.0804676 0.00108931
0.0136123 -0.0519533 0.0173208 -1.21694 -0.000155375 0.0829164 0.00115581
0.0140241 -0.0550151 0.0183416 -1.25269 -0.000161358 0.085366 0.00122432
0.0144369 -0.0581651 0.0193919 -1.28843 -0.00016747 0.0878166 0.00129484
0.0148507 -0.0614032 0.0204714 -1.32416 -0.000173714 0.0902681 0.00136739
0.0152655 -0.0647296 0.0215804 -1.35989 -0.000180097 0.0927205 0.00144195
0.0156813 -0.0681442 0.0227187 -1.39562 -0.000186621 0.0951738 0.00151855
0.0160982 -0.0716471 0.0238865 -1.43134 -0.000193292 0.0976282 0.00159718
0.0165161 -0.0752383 0.0250836 -1.46706 -0.000200114 0.100083 0.00167785
0.0169352 -0.078918 0.0263102 -1.50277 -0.000207093 0.10254 0.00176056
0.0173553 -0.0826861 0.0275662 -1.53848 -0.000214231 0.104997 0.00184532
0.0177765 -0.0865427 0.0288516 -1.57418 -0.000221535 0.107455 0.00193214
0.0181989 -0.0904879 0.0301665 -1.60987 -0.000229009 0.109915 0.00202101
0.0186225 -0.0945216 0.0315108 -1.64556 -0.000236659 0.112375 0.00211194
0.0190473 -0.098644 0.0328845 -1.68125 -0.000244488 0.114837 0.00220494
0.0194732 -0.102855 0.0342877 -1.71693 -0.000252502 0.117299 0.00230002
0.0199004 -0.107155 0.0357203 -1.7526 -0.000260706 0.119763 0.00239717
0.0203288 -0.111543 0.0371824 -1.78827 -0.000269105 0.122228 0.00249641
0.0207584 -0.116021 0.0386739 -1.82393 -0.000277704 0.124693 0.00259773
0.0211894 -0.120587 0.0401949 -1.85958 -0.000286508 0.12716 0.00270115
0.0216216 -0.125242 0.0417453 -1.89522 -0.000295523 0.129629 0.00280667
0.0220551 -0.129986 0.0433251 -1.93086 -0.000304754 0.132098 0.00291429
0.0224899 -0.13482 0.0449344 -1.9665 -0.000314207 0.134568 0.00302402
0.0229261 -0.139742 0.0465731 -2.00212 -0.000323886 0.137039 0.00313586
0.0233636 -0.144753 0.0482413 -2.03774 -0.000333797 0.139512 0.00324983
0.0238025 -0.149853 0.0499388 -2.07335 -0.000343947 0.141986 0.00336592
0.0242428 -0.155043 0.0516658 -2.10895 -0.000354339 0.144461 0.00348414
0.0246845 -0.160321 0.0534221 -2.14455 -0.000364981 0.146937 0.00360449
0.0251275 -0.165689 0.0552078 -2.18013 -0.000375877 0.149414 0.00372699
0.025572 -0.171146 0.0570229 -2.21571 -0.000387034 0.151892 0.00385163
0.0260179 -0.176693 0.0588674 -2.25128 -0.000398458 0.154372 0.00397843
0.0264653 -0.182328 0.0607411 -2.28684 -0.000410154 0.156852 0.00410738
0.0269141 -0.188053 0.0626442 -2.32239 -0.000422128 0.159334 0.00423849
0.0273643 -0.193868 0.0645765 -2.35793 -0.00043426 0.161817 0.00437175
0.0278161 -0.199772 0.0665383 -2.39347 -0.000446811 0.164302 0.00450722
0.0282694 -0.205765 0.0685294 -2.42899 -0.000459654 0.166787 0.00464486
0.0287242 -0.211848 0.0705497 -2.46451 -0.000472801 0.169273 0.00478468
0.0291805 -0.218021 0.0725992 -2.50002 -0.000486257 0.171761 0.0049267
0.0296383 -0.224283 0.0746779 -2.53552 -0.000500029 0.17425 0.00507091
0.0300977 -0.230634 0.0767858 -2.571 -0.000514124 0.17674 0.00521732
0.0305587 -0.237076 0.0789229 -2.60648 -0.000528547 0.179231 0.00536593
0.0310212 -0.243606 0.0810891 -2.64195 -0.000543306 0.181724 0.00551676
0.0314853 -0.250226 0.0832843 -2.6774 -0.000558406 0.184217 0.0056698
0.0319509 -0.256936 0.0855086 -2.71285 -0.000573856 0.186711 0.00582507
0.0324182 -0.263735 0.087762 -2.74828 -0.000589661 0.189207 0.00598256
0.0328871 -0.270624 0.0900443 -2.78371 -0.000605828 0.191704 0.00614228
0.0333576 -0.277603 0.0923556 -2.81912 -0.000622364 0.194202 0.00630424
0.0338297 -0.284671 0.0946957 -2.85452 -0.000639277 0.196701 0.00646844
0.0343034 -0.291829 0.0970648 -2.88991 -0.000656572 0.199201 0.0066349
0.0347788 -0.299076 0.0994626 -2.92529 -0.000674258 0.201702 0.0068036
0.0352558 -0.306413 0.101889 -2.96065 -0.000692341 0.204204 0.00697456
0.0357345 -0.313839 0.104345 -2.99601 -0.000710829 0.206707 0.00714778
0.0362149 -0.321355 0.106829 -3.03135 -0.000729728 0.209211 0.00732327
0.0366969 -0.32896 0.109342 -3.06667 -0.000749046 0.211716 0.00750104
0.0371807 -0.336655 0.111883 -3.10199 -0.00076879 0.214222 0.00768108
0.0376659 -0.344441 0.114453 -3.13729 -0.000788751 0.21673 0.00786336
0.038153 -0.352315 0.117051 -3.17258 -0.000809347 0.219238 0.00804798
0.0386418 -0.360278 0.119678 -3.20786 -0.000830396 0.221748 0.00823488
0.0391323 -0.368331 0.122333 -3.24312 -0.000851899 0.224258 0.00842409
0.0396246 -0.376473 0.125017 -3.27837 -0.000873866 0.226769 0.00861559
0.0401186 -0.384705 0.127729 -3.3136 -0.000896304 0.229281 0.0088094
0.0406143 -0.393025 0.130469 -3.34882 -0.000919222 0.231793 0.00900552
0.0411118 -0.401435 0.133237 -3.38403 -0.000942629 0.234307 0.00920395
0.041611 -0.409934 0.136033 -3.41921 -0.000966533 0.236821 0.00940471
0.042112 -0.418521 0.138857 -3.45439 -0.000990946 0.239336 0.00960779
0.0426148 -0.427198 0.141709 -3.48955 -0.00101588 0.241852 0.0098132
0.0431194 -0.435963 0.144589 -3.52469 -0.00104133 0.244369 0.0100209
0.0436257 -0.444817 0.147497 -3.55982 -0.00106733 0.246886 0.010231
0.0441339 -0.45376 0.150433 -3.59493 -0.00109386 0.249404 0.0104435
0.0446439 -0.462792 0.153396 -3.63002 -0.00112095 0.251923 0.0106583
0.0451557 -0.471912 0.156387 -3.6651 -0.0011486 0.254443 0.0108754
0.0456692 -0.481122 0.159405 -3.70016 -0.00117671 0.256963 0.0110949
0.0461846 -0.490421 0.162451 -3.73521 -0.00120543 0.259484 0.0113168
0.0467019 -0.499808 0.165525 -3.77024 -0.00123474 0.262006 0.011541
0.047221 -0.509283 0.168625 -3.80526 -0.00126463 0.264528 0.0117676
0.0477419 -0.518846 0.171753 -3.84025 -0.00129511 0.267051 0.0119966
0.0482647 -0.528497 0.174908 -3.87523 -0.00132619 0.269574 0.0122279
0.0487894 -0.538236 0.17809 -3.91019 -0.00135789 0.272098 0.0124616
0.0493159 -0.548063 0.181299 -3.94513 -0.0013902 0.274622 0.0126978
0.0498443 -0.557977 0.184534 -3.98005 -0.00142315 0.277147 0.0129363
0.0503746 -0.56798 0.187797 -4.01496 -0.00145675 0.279672 0.0131772
0.0509069 -0.578072 0.191087 -4.04985 -0.00149098 0.282198 0.0134206
0.0514411 -0.588252 0.194403 -4.08472 -0.00152587 0.284725 0.0136663
0.0519772 -0.598519 0.197746 -4.11958 -0.00156143 0.287252 0.0139145
0.0525153 -0.608874 0.201116 -4.15442 -0.00159766 0.289779 0.0141651
0.0530553 -0.619316 0.204512 -4.18923 -0.00163458 0.292307 0.0144182
0.0535973 -0.629845 0.207934 -4.22403 -0.00167219 0.294835 0.0146736
0.0541412 -0.640461 0.211383 -4.25881 -0.0017105 0.297363 0.0149315
0.0546871 -0.651164 0.214858 -4.29357 -0.00174952 0.299892 0.0151919
0.055235 -0.661954 0.218358 -4.32831 -0.00178927 0.30242 0.0154547
0.0557849 -0.672831 0.221885 -4.36303 -0.00182975 0.304949 0.0157199
0.0563368 -0.683794 0.225437 -4.39773 -0.00187096 0.307479 0.0159876
0.0568906 -0.694843 0.229015 -4.43241 -0.00191293 0.310008 0.0162577
0.0574465 -0.705979 0.232619 -4.46707 -0.00195566 0.312537 0.0165303
0.0580045 -0.7172 0.236249 -4.50171 -0.00199916 0.315067 0.0168054
0.0585644 -0.728508 0.239903 -4.53633 -0.00204344 0.317597 0.0170829
0.0591264 -0.739901 0.243583 -4.57092 -0.00208851 0.320126 0.0173629
0.0596905 -0.75138 0.247289 -4.6055 -0.00213437 0.322656 0.0176454
0.0602567 -0.762944 0.251019 -4.64005 -0.00218105 0.325186 0.0179304
0.0608249 -0.774594 0.254775 -4.67458 -0.00222855 0.327716 0.0182179
0.0613952 -0.786329 0.258555 -4.70909 -0.00227688 0.330245 0.0185078
0.0619677 -0.798148 0.26236 -4.74358 -0.00232605 0.332775 0.0188003
0.0625422 -0.810053 0.26619 -4.77805 -0.00237607 0.335304 0.0190952
0.0631189 -0.822042 0.270044 -4.8125 -0.00242695 0.337834 0.0193927
0.0636978 -0.834115 0.273923 -4.84692 -0.00247871 0.340363 0.0196927
0.0642788 -0.846273 0.277826 -4.88132 -0.00253134 0.342892 0.0199952
0.0648619 -0.858514 0.281754 -4.9157 -0.00258487 0.345421 0.0203002
0.0654473 -0.87084 0.285705 -4.95005 -0.00263931 0.347949 0.0206078
0.0660348 -0.883249 0.289681 -4.98438 -0.00269466 0.350478 0.0209179
0.0666245 -0.895742 0.29368 -5.01869 -0.00275093 0.353006 0.0212305
0.0672165 -0.908318 0.297703 -5.05298 -0.00280815 0.355533 0.0215457
0.0678107 -0.920977 0.30175 -5.08724 -0.00286631 0.358061 0.0218634
0.0684071 -0.933719 0.305821 -5.12148 -0.00292543 0.360588 0.0221837
0.0690058 -0.946544 0.309914 -5.1557 -0.00298552 0.363114 0.0225065
0.0696068 -0.959451 0.314031 -5.18989 -0.00304659 0.36564 0.0228319
0.07021 -0.972441 0.318172 -5.22406 -0.00310866 0.368166 0.0231599
0.0708156 -0.985512 0.322335 -5.2582 -0.00317173 0.370691 0.0234905
0.0714235 -0.998666 0.326521 -5.29232 -0.00323581 0.373216 0.0238236
0.0720337 -1.0119 0.33073 -5.32642 -0.00330093 0.37574 0.0241593
0.0726463 -1.02522 0.334962 -5.36049 -0.00336708 0.378263 0.0244976
0.0732612 -1.03861 0.339216 -5.39454 -0.00343428 0.380786 0.0248385
0.0738785 -1.05209 0.343492 -5.42856 -0.00350255 0.383309 0.025182
0.0744981 -1.06565 0.347791 -5.46256 -0.00357183 0.385831 0.0255281
0.0751201 -1.07929 0.352111 -5.49653 -0.00364225 0.388351 0.0258768
0.0757446 -1.09301 0.356454 -5.53047 -0.00371376 0.390871 0.0262281
0.0763715 -1.10681 0.360818 -5.56439 -0.00378639 0.39339 0.026582
0.0770008 -1.12069 0.365203 -5.59828 -0.00386013 0.395909 0.0269386
0.0776326 -1.13464 0.369611 -5.63215 -0.00393501 0.398427 0.0272977
0.0782669 -1.14868 0.374039 -5.66599 -0.00401104 0.400943 0.0276595
0.0789037 -1.1628 0.378489 -5.69981 -0.00408823 0.403459 0.028024
0.079543 -1.17699 0.38296 -5.7336 -0.00416659 0.405974 0.0283911
0.0801848 -1.19126 0.387452 -5.76737 -0.00424613 0.408489 0.0287609
0.0808292 -1.20561 0.391965 -5.8011 -0.00432687 0.411002 0.0291333
0.0814762 -1.22004 0.396499 -5.83482 -0.00440882 0.413514 0.0295084
0.0821257 -1.23455 0.401053 -5.8685 -0.004492 0.416025 0.0298861
0.0827779 -1.24913 0.405627 -5.90216 -0.00457641 0.418536 0.0302666
0.0834327 -1.26379 0.410222 -5.9358 -0.00466207 0.421045 0.0306497
0.08409 -1.27853 0.414836 -5.96941 -0.00474895 0.423553 0.0310355
0.0847499 -1.29335 0.41947 -6.00298 -0.00483712 0.42606 0.0314239
0.0854126 -1.30823 0.424123 -6.03653 -0.00492658 0.428565 0.031815
0.0860779 -1.3232 0.428796 -6.07005 -0.00501735 0.43107 0.0322089
0.0867459 -1.33824 0.433488 -6.10354 -0.00510942 0.433573 0.0326054
0.0874167 -1.35335 0.438199 -6.13701 -0.00520289 0.436074 0.0330047
0.0880903 -1.36854 0.442931 -6.17045 -0.00529761 0.438575 0.0334067
0.0887667 -1.38381 0.447681 -6.20387 -0.00539373 0.441075 0.0338115
0.0894458 -1.39915 0.45245 -6.23726 -0.00549122 0.443573 0.034219
0.0901278 -1.41456 0.457237 -6.27062 -0.00559009 0.44607 0.0346293
0.0908126 -1.43005 0.462043 -6.30395 -0.00569035 0.448566 0.0350423
0.0915002 -1.44561 0.466867 -6.33726 -0.00579203 0.45106 0.035458
0.0921907 -1.46125 0.471709 -6.37054 -0.00589513 0.453553 0.0358765
0.0928841 -1.47695 0.476568 -6.40379 -0.00599966 0.456044 0.0362977
0.0935804 -1.49273 0.481445 -6.43701 -0.00610565 0.458534 0.0367217
0.0942795 -1.50858 0.48634 -6.4702 -0.0062131 0.461022 0.0371485
0.0949816 -1.52451 0.491251 -6.50336 -0.00632203 0.463508 0.0375781
0.0956866 -1.5405 0.49618 -6.53649 -0.00643246 0.465993 0.0380104
0.0963946 -1.55656 0.501125 -6.56959 -0.00654439 0.468476 0.0384455
0.0971055 -1.57269 0.506087 -6.60266 -0.00665784 0.470957 0.0388833
0.0978195 -1.5889 0.511065 -6.6357 -0.00677282 0.473437 0.039324
0.0985364 -1.60517 0.516058 -6.66871 -0.00688935 0.475914 0.0397674
0.0992563 -1.6215 0.521067 -6.70168 -0.00700744 0.47839 0.0402135
0.0999791 -1.63791 0.526092 -6.73462 -0.0071271 0.480863 0.0406625
0.100705 -1.65438 0.531131 -6.76753 -0.00724835 0.483334 0.0411142
0.101434 -1.67092 0.536185 -6.8004 -0.0073712 0.485803 0.0415686
0.102166 -1.68752 0.541253 -6.83324 -0.00749563 0.48827 0.0420258
0.102901 -1.70419 0.546339 -6.86606 -0.00762159 0.490736 0.042486
0.10364 -1.72095 0.551445 -6.89889 -0.00774942 0.493202 0.0429495
0.104383 -1.73779 0.556567 -6.9317 -0.00787892 0.495668 0.0434161
0.105129 -1.75469 0.561703 -6.96447 -0.0080102 0.498131 0.0438855
0.105878 -1.77165 0.566852 -6.99721 -0.00814323 0.500592 0.0443576
0.10663 -1.78867 0.572014 -7.0299 -0.00827793 0.503049 0.0448326
0.107386 -1.80575 0.577188 -7.06256 -0.00841452 0.505504 0.0453103
0.108144 -1.8229 0.582375 -7.09519 -0.0085524 0.507957 0.0457908
0.108906 -1.8401 0.587574 -7.12777 -0.00869231 0.510407 0.046274
0.10967 -1.85737 0.592785 -7.16031 -0.00883364 0.512854 0.0467599
0.110438 -1.87469 0.598006 -7.19282 -0.00897699 0.515298 0.0472487
0.111209 -1.89207 0.603239 -7.22528 -0.00912208 0.51774 0.0477402
0.111984 -1.90951 0.608483 -7.25771 -0.00926896 0.520178 0.0482345
0.112761 -1.927 0.613738 -7.2901 -0.00941763 0.522613 0.0487316
0.113542 -1.94455 0.619003 -7.32244 -0.00956812 0.525046 0.0492314
0.114326 -1.96216 0.624278 -7.35475 -0.00972043 0.527475 0.0497341
0.115114 -1.97982 0.629562 -7.38701 -0.00987457 0.529901 0.0502394
0.115904 -1.99754 0.634856 -7.41923 -0.0100305 0.532324 0.0507475
0.116698 -2.01531 0.640159 -7.45141 -0.0101884 0.534743 0.0512583
0.117495 -2.03313 0.64547 -7.48354 -0.0103481 0.537159 0.0517719
0.118295 -2.051 0.650789 -7.51563 -0.0105097 0.539572 0.0522882
0.119099 -2.06893 0.656116 -7.54767 -0.0106731 0.541981 0.0528072
0.119906 -2.0869 0.661451 -7.57967 -0.0108385 0.544386 0.053329
0.120716 -2.10492 0.666793 -7.61162 -0.0110057 0.546788 0.0538534
0.12153 -2.12299 0.672142 -7.64352 -0.0111749 0.549186 0.0543805
0.122346 -2.14111 0.677497 -7.67538 -0.011346 0.55158 0.0549103
0.123166 -2.15928 0.682858 -7.70719 -0.011519 0.553971 0.0554428
0.12399 -2.17749 0.688225 -7.73896 -0.011694 0.556357 0.055978
0.124817 -2.19574 0.693598 -7.77067 -0.0118709 0.55874 0.0565159
0.125647 -2.21405 0.698976 -7.80234 -0.0120498 0.561119 0.0570565
0.12648 -2.23239 0.704359 -7.83396 -0.0122307 0.563494 0.0575997
0.127317 -2.25078 0.709747 -7.86554 -0.0124136 0.565864 0.0581457
0.128157 -2.26921 0.715139 -7.89706 -0.0125985 0.568231 0.0586943
0.129001 -2.28769 0.720536 -7.92854 -0.0127854 0.570594 0.0592456
0.129848 -2.30621 0.725935 -7.95997 -0.0129747 0.572954 0.0597997
0.130699 -2.32478 0.73134 -7.99136 -0.0131656 0.575309 0.0603565
0.131553 -2.34338 0.736746 -8.02269 -0.0133588 0.577659 0.0609159
0.132411 -2.36201 0.742158 -8.05398 -0.0135537 0.580005 0.0614779
0.133272 -2.3807 0.747571 -8.08522 -0.0137509 0.582348 0.0620427
0.134137 -2.39943 0.752985 -8.11642 -0.0139508 0.584687 0.0626104
0.135005 -2.41819 0.758404 -8.14756 -0.014152 0.587021 0.0631805
0.135877 -2.43699 0.763823 -8.17866 -0.0143557 0.589351 0.0637534
0.136753 -2.45582 0.769245 -8.20971 -0.0145614 0.591677 0.064329
0.137632 -2.4747 0.774668 -8.24071 -0.0147693 0.593998 0.0649073
0.138515 -2.49361 0.780091 -8.27166 -0.0149794 0.596315 0.0654882
0.139401 -2.51256 0.785515 -8.30257 -0.0151916 0.598628 0.0660719
0.140291 -2.53153 0.790942 -8.33342 -0.0154054 0.600936 0.066658
0.141185 -2.55055 0.796365 -8.36422 -0.0156222 0.60324 0.067247
0.142082 -2.56959 0.801789 -8.39498 -0.0158409 0.605539 0.0678386
0.142983 -2.58867 0.80721 -8.42568 -0.0160619 0.607834 0.0684327
0.143887 -2.60778 0.81263 -8.45632 -0.016285 0.610123 0.0690294
0.144795 -2.62691 0.818045 -8.4869 -0.0165104 0.612407 0.0696285
0.145706 -2.64606 0.823455 -8.51742 -0.0167379 0.614685 0.0702299
0.14662 -2.66523 0.828859 -8.54786 -0.0169675 0.616957 0.0708335
0.147536 -2.6844 0.834251 -8.57822 -0.0171996 0.619222 0.0714392
0.148456 -2.70359 0.839641 -8.60851 -0.0174332 0.62148 0.0720469
0.149379 -2.72281 0.845029 -8.63874 -0.0176687 0.623734 0.0726572
0.150307 -2.74208 0.850426 -8.66896 -0.0179058 0.625985 0.0732705
0.151241 -2.76142 0.855825 -8.6992 -0.0181468 0.628237 0.073888
0.152181 -2.78081 0.861232 -8.72943 -0.0183897 0.630488 0.074509
0.153126 -2.80027 0.866642 -8.75967 -0.0186359 0.632738 0.0751338
0.154075 -2.81977 0.872054 -8.7899 -0.0188846 0.634986 0.0757619
0.15503 -2.83932 0.877467 -8.82009 -0.019136 0.637231 0.0763934
0.155989 -2.85889 0.882871 -8.85024 -0.0193903 0.639471 0.0770276
0.15695 -2.87847 0.888264 -8.88031 -0.0196465 0.641703 0.0776636
0.157915 -2.89805 0.893646 -8.91029 -0.0199051 0.643929 0.0783018
0.158883 -2.91765 0.899023 -8.94022 -0.0201655 0.646149 0.0789423
0.159855 -2.93728 0.904395 -8.97011 -0.0204284 0.648365 0.0795857
0.160832 -2.95693 0.909763 -8.99995 -0.0206936 0.650577 0.0802318
0.161813 -2.97662 0.915126 -9.02976 -0.0209614 0.652784 0.0808807
0.162799 -2.99633 0.920483 -9.05952 -0.0212316 0.654987 0.0815325
0.163789 -3.01606 0.925834 -9.08924 -0.0215044 0.657186 0.082187
0.164783 -3.03583 0.931178 -9.11892 -0.0217797 0.659381 0.0828444
0.165781 -3.05561 0.936516 -9.14856 -0.0220575 0.661571 0.0835045
0.166784 -3.07543 0.941845 -9.17815 -0.022338 0.663757 0.0841674
0.167791 -3.09526 0.947169 -9.2077 -0.0226207 0.665938 0.084833
0.168803 -3.11512 0.952484 -9.23721 -0.0229062 0.668114 0.0855015
0.169819 -3.135 0.957791 -9.26666 -0.023194 0.670286 0.0861725
0.170839 -3.15489 0.963088 -9.29607 -0.0234844 0.672453 0.0868463
0.171864 -3.17481 0.968376 -9.32544 -0.0237773 0.674615 0.0875227
0.172893 -3.19474 0.973655 -9.35476 -0.0240728 0.676772 0.0882018
0.173926 -3.21469 0.978923 -9.38402 -0.0243708 0.678924 0.0888835
0.174964 -3.23466 0.984181 -9.41325 -0.0246713 0.681071 0.0895679
0.176006 -3.25464 0.989429 -9.44241 -0.0249741 0.683213 0.0902548
0.177052 -3.27463 0.994663 -9.47154 -0.02528 0.68535 0.0909444
0.178102 -3.29465 0.999887 -9.50061 -0.025588 0.687482 0.0916365
0.179157 -3.31467 1.0051 -9.52963 -0.0258988 0.689609 0.0923313
0.180217 -3.33471 1.01029 -9.55861 -0.0262126 0.691731 0.0930286
0.181279 -3.35474 1.01548 -9.5875 -0.0265274 0.693846 0.0937277
0.182345 -3.37476 1.02064 -9.61632 -0.0268461 0.695953 0.094429
0.183418 -3.39484 1.02581 -9.64515 -0.027165 0.69806 0.0951336
0.184497 -3.41497 1.03098 -9.67399 -0.0274887 0.700166 0.0958426
0.18557 -3.43489 1.03604 -9.70248 -0.027817 0.702243 0.0965483
