0.00380689 -0.000340854 0.000109819 0.0588258 -3.02688e-05 -0.00581865 1.03195e-05
0.00761573 -0.00102255 0.000329529 0.11764 -6.15404e-05 -0.0116383 3.09589e-05
0.0114327 -0.00204484 0.000659379 0.176445 -9.35578e-05 -0.0174573 6.19362e-05
0.0152569 -0.00340795 0.00109967 0.235235 -0.000127754 -0.0232783 0.000103255
0.0190917 -0.00511157 0.00165078 0.294002 -0.000164306 -0.0291005 0.000154931
0.0229393 -0.00715556 0.00231319 0.352741 -0.000203696 -0.0349242 0.000216985
0.026802 -0.00953977 0.00308747 0.41145 -0.000246386 -0.0407496 0.00028944
0.030682 -0.012264 0.00397427 0.470125 -0.000292826 -0.0465771 0.000372319
0.0345808 -0.0153279 0.0049742 0.528756 -0.00034339 -0.0524063 0.000465645
0.0385008 -0.0187312 0.00608808 0.587346 -0.000398396 -0.058238 0.000569456
0.0424436 -0.0224739 0.00731671 0.645889 -0.000458256 -0.0640722 0.000683783
0.0464106 -0.0265551 0.00866078 0.704379 -0.000523122 -0.0699085 0.000808655
0.0504035 -0.0309749 0.0101212 0.762816 -0.000593283 -0.0757474 0.000944117
0.054424 -0.0357329 0.011699 0.821198 -0.000668926 -0.0815892 0.00109021
0.0584733 -0.0408289 0.013395 0.879524 -0.00075021 -0.0874338 0.00124699
0.0625528 -0.0462626 0.0152101 0.937793 -0.000837253 -0.0932815 0.0014145
0.0666638 -0.0520338 0.0171453 0.996004 -0.000930071 -0.0991322 0.0015928
0.0708068 -0.0581415 0.0192013 1.05415 -0.00102878 -0.104985 0.00178192
0.0749835 -0.0645861 0.0213793 1.11224 -0.00113335 -0.110842 0.00198193
0.079195 -0.0713675 0.0236802 1.17027 -0.00124379 -0.116701 0.00219292
0.0834417 -0.0784845 0.0261047 1.22823 -0.00136 -0.122564 0.00241491
0.0877253 -0.0859381 0.028654 1.28614 -0.00148187 -0.128429 0.00264802
0.0920463 -0.0937276 0.0313291 1.34399 -0.00160946 -0.134298 0.00289229
0.0964061 -0.101853 0.0341309 1.40179 -0.00174256 -0.14017 0.00314783
0.100806 -0.110316 0.0370607 1.45953 -0.00188103 -0.146046 0.00341474
0.105246 -0.119115 0.0401193 1.51724 -0.00202466 -0.151925 0.00369311
0.109728 -0.128251 0.0433078 1.57489 -0.00217334 -0.157809 0.00398303
0.114253 -0.137724 0.0466268 1.6325 -0.00232684 -0.163695 0.0042846
