0.00380689 -0.00047594 0.000151239 0.0820708 3.14143e-05 -0.00581124 1.0677e-05
0.00761573 -0.00142787 0.000453835 0.164132 6.18756e-05 -0.0116235 3.20321e-05
0.0114327 -0.00285545 0.00090813 0.24618 9.16626e-05 -0.0174351 6.40841e-05
0.0152569 -0.00475915 0.0015146 0.328217 0.000119381 -0.0232487 0.000106838
0.0190917 -0.00713865 0.00227379 0.410232 0.00014488 -0.0290635 0.000160314
0.0229393 -0.00999395 0.00318644 0.49222 0.000167705 -0.0348797 0.000224532
0.026802 -0.013325 0.00425339 0.57418 0.000187424 -0.0406976 0.00029952
0.030682 -0.0171318 0.00547561 0.656107 0.000203611 -0.0465177 0.000385307
0.0345808 -0.0214139 0.00685401 0.737991 0.000215911 -0.0523395 0.000481916
0.0385008 -0.0261716 0.00838982 0.819834 0.000224035 -0.0581637 0.000589391
0.0424436 -0.0314047 0.0100842 0.901633 0.000227586 -0.0639904 0.000707769
0.0464106 -0.0371125 0.0119383 0.983376 0.000226429 -0.0698192 0.000837081
0.0504035 -0.0432953 0.0139535 1.06507 0.000220293 -0.0756507 0.00097738
0.054424 -0.0499529 0.016131 1.1467 0.000209005 -0.0814849 0.00112872
0.0584733 -0.0570854 0.0184723 1.22828 0.000192422 -0.087322 0.00129114
0.0625528 -0.0646926 0.0209788 1.30981 0.000170435 -0.0931622 0.0014647
0.0666638 -0.0727743 0.0236518 1.39127 0.000143042 -0.0990052 0.00164948
0.0708068 -0.0813298 0.0264925 1.47266 0.00011013 -0.104851 0.00184549
0.0749835 -0.0903596 0.0295025 1.55399 7.1728e-05 -0.1107 0.00205284
0.079195 -0.0998638 0.0326833 1.63526 2.78629e-05 -0.116552 0.00227159
0.0834417 -0.109841 0.0360358 1.71646 -2.13913e-05 -0.122406 0.00250179
0.0877253 -0.120293 0.0395618 1.7976 -7.58966e-05 -0.128264 0.00274354
0.0920463 -0.131219 0.0432627 1.87867 -0.000135725 -0.134125 0.00299693
0.0964061 -0.14262 0.0471399 1.95968 -0.000200643 -0.13999 0.00326204
0.100806 -0.154495 0.051195 2.04064 -0.000270508 -0.145857 0.00353897
0.105246 -0.166847 0.0554294 2.12155 -0.000345104 -0.151729 0.00382786
0.109728 -0.179674 0.0598445 2.2024 -0.000424331 -0.157605 0.00412877
0.114253 -0.192977 0.0644413 2.2832 -0.000507946 -0.163483 0.00444181
