7.46912 -0.270638
13.586 -0.543708
18.422 -0.821427
22.0541 -1.11087
24.3978 -1.45695
21.0369 -1.78638
18.0997 -2.01028
15.1207 -2.37057
13.3899 -2.74525
12.4804 -3.0725
11.8742 -3.36843
11.3427 -3.64233
10.7654 -3.89907
10.0696 -4.14138
9.20611 -4.37082
8.14021 -4.58815
6.84662 -4.79356
5.30821 -4.9867
3.516 -5.16656
1.47049 -5.33126
-0.8163 -5.47727
-3.31884 -5.59721
-5.99441 -5.66886
-8.00453 -5.56038
-7.08976 -5.30654
-4.47107 -4.98455
-1.317 -4.68672
2.12902 -4.39957
5.72638 -4.1176
9.35759 -3.83799
12.9109 -3.55921
16.2712 -3.28045
19.3183 -3.00109
21.9296 -2.71994
23.9803 -2.43337
25.2953 -2.12589
25.3328 -1.94245
24.5194 -1.88629
22.5038 -1.92063
20.2347 -2.00681
17.8976 -2.12094
15.6096 -2.25551
13.4433 -2.40641
11.4397 -2.571
9.61838 -2.74747
7.98411 -2.93458
6.53254 -3.13148
5.2536 -3.33765
4.13438 -3.55284
3.16133 -3.77704
2.32227 -4.01046
1.60811 -4.25357
1.01469 -4.50706
0.544894 -4.77192
0.212234 -5.04928
0.0477041 -5.34016
0.113095 -5.6441
0.686757 -5.96121
2.58759 -6.2895
