21.2054 -0.965409
39.3177 -1.91043
54.8355 -2.83184
68.2179 -3.7272
79.8614 -4.59477
90.0898 -5.43347
99.1551 -6.24276
107.243 -7.02245
114.486 -7.77258
120.967 -8.4933
126.737 -9.18474
131.815 -9.84693
136.2 -10.4797
139.873 -11.0826
142.801 -11.6548
144.941 -12.1953
146.24 -12.7024
146.646 -13.1741
146.111 -13.6085
144.598 -14.0036
142.099 -14.3581
138.637 -14.6721
134.277 -14.9474
129.114 -15.1875
123.263 -15.3969
116.843 -15.5807
109.965 -15.7437
102.727 -15.8898
95.2105 -16.022
87.48 -16.1425
79.5883 -16.2526
71.5769 -16.3527
63.4795 -16.4428
55.3241 -16.5221
47.1353 -16.5897
38.9368 -16.6438
30.7531 -16.6824
22.6117 -16.7032
14.546 -16.7031
6.59739 -16.6792
-1.18204 -16.6279
-8.72828 -16.5462
-15.9678 -16.4317
-22.827 -16.2845
-29.2538 -16.1083
-35.2477 -15.9123
-40.8869 -15.7122
-46.3224 -15.5288
-51.7196 -15.3837
-57.1677 -15.2923
-62.6285 -15.2605
-67.9477 -15.2896
-72.8763 -15.388
-77.085 -15.5759
-80.2265 -15.874
-82.0548 -16.2841
-82.4735 -16.7902
-81.4602 -17.3726
-78.9836 -18.0156
-74.9701 -18.7075
-69.2993 -19.44
-61.8106 -20.2061
-52.3125 -21.0003
-40.5944 -21.8178
-26.4372 -22.6542
-9.62232 -23.5057
10.062 -24.369
32.8164 -25.2412
58.8296 -26.1201
88.2784 -27.0035
121.329 -27.8901
158.138 -28.7785
198.857 -29.6678
243.629 -30.5573
292.595 -31.4465
345.891 -32.3349
403.65 -33.2224
466.004 -34.1087
533.082 -34.9937
605.01 -35.8773
