17.5489 -1.90448
29.4262 -3.70198
37.9985 -5.35458
44.4692 -6.84577
49.1777 -8.16302
52.0522 -9.29383
53.0344 -10.2429
52.2881 -11.0435
50.1516 -11.7407
47.0203 -12.374
43.2378 -12.9704
39.0452 -13.5457
34.5887 -14.1075
29.9496 -14.6582
25.1696 -15.1973
20.2689 -15.7231
15.2553 -16.2324
10.1303 -16.7215
4.89136 -17.1859
-0.466235 -17.6199
-5.94919 -18.0165
-11.566 -18.3668
-17.327 -18.6585
-23.2452 -18.8744
-29.3378 -18.9868
-35.6324 -18.9452
-42.1739 -18.6309
-48.8044 -17.7096
-53.1214 -15.8767
-53.5118 -14.38
-51.7789 -13.1558
-48.2746 -12.164
-43.1607 -11.4402
-36.8409 -11.0023
-29.5583 -10.8267
-21.5996 -10.9112
-13.5659 -11.2545
-6.07881 -11.8128
0.686872 -12.4918
7.07176 -13.1731
13.5933 -13.741
20.575 -14.0718
27.5739 -14.0047
32.3654 -13.5379
34.0829 -12.8663
30.7643 -11.9984
22.7645 -11.5705
14.9257 -11.5274
7.54041 -11.6439
0.493712 -11.8401
-6.30142 -12.0791
-12.8937 -12.3417
-19.2821 -12.6213
-25.3776 -12.9277
-30.9263 -13.2972
-35.4396 -13.7944
-38.405 -14.4657
-39.7321 -15.2992
-39.548 -16.2566
-37.6036 -17.2728
-30.5773 -18.7894
-21.3908 -20.1788
-7.55542 -21.6775
11.6456 -23.2354
37.0002 -24.8311
69.2593 -26.4508
109.127 -28.0853
157.269 -29.7286
214.317 -31.3766
280.884 -33.0268
357.561 -34.6776
444.923 -36.328
