16.8739 -1.81166
28.2502 -3.49126
36.5129 -5.03636
42.8651 -6.44727
47.7299 -7.72148
51.1013 -8.85286
52.8269 -9.83663
52.8633 -10.6798
51.4089 -11.4073
48.8243 -12.0541
45.4677 -12.652
41.6059 -13.2228
37.4087 -13.7788
32.9746 -14.3255
28.3571 -14.8644
23.5832 -15.3947
18.6646 -15.9139
13.6038 -16.4187
8.39738 -16.9048
3.03776 -17.3669
-2.48689 -17.7985
-8.19302 -18.1909
-14.1032 -18.5323
-20.2488 -18.8056
-26.6775 -18.983
-33.4746 -19.0114
-40.8411 -18.7509
-48.6912 -17.6929
-52.8877 -16.018
-53.5115 -14.5603
-52.0211 -13.3287
-48.7911 -12.3159
-43.814 -11.5412
-37.0505 -11.0389
-28.785 -10.8471
-19.8448 -10.9842
-11.3073 -11.4127
-3.77381 -12.0342
2.91281 -12.7259
9.31887 -13.3714
15.9782 -13.8601
23.0973 -14.0592
30.2193 -13.7393
31.3648 -12.3464
27.2628 -13.4937
24.2305 -12.268
21.1647 -13.3461
