0.000616469 -0.246445
-0.00168439 -0.395382
-0.0139806 -0.592377
-0.0534792 -0.808155
-0.12256 -1.01703
-0.216828 -1.21999
-0.0425611 -1.42476
-0.509476 -1.59541
-0.570089 -1.78234
-0.571518 -1.96787
-0.511083 -2.15141
-0.347623 -2.33391
-0.0162741 -2.51681
0.574823 -2.702
1.55147 -2.89196
3.0849 -3.08981
5.40978 -3.29937
8.85108 -3.52528
13.8609 -3.77309
21.0632 -4.04914
31.2967 -4.36024
45.6518 -4.71282
65.58 -5.11174
93.5845 -5.56104
136.773 -6.07408
221.973 -6.7095
435.257 -7.57473
265.079 -7.76462
221.522 -7.82684
540.726 -8.03108
-322.218 -7.69915
164.455 -7.55406
215.228 -7.63359
207.867 -7.56306
108.177 -7.4496
35.5122 -7.28737
-9.08052 -7.06803
-30.0376 -6.77227
-33.696 -6.41443
-23.537 -6.12922
-21.2268 -5.91102
-34.0756 -5.53546
-37.6846 -5.00878
-34.7314 -4.38518
-40.2202 -3.41973
-43.8297 -1.8182
-10.1896 -1.9884
-18.0065 -1.86347
-21.3297 -1.67769
-24.1376 -1.35818
-26.9099 -0.9071
-26.1103 -0.645688
-26.6153 -0.516422
-28.9973 -0.420178
-31.2285 -0.386132
-13.7262 -1.4927
49.7359 -5.04492
138.17 -11.9596
13.637 -11.2201
-44.2729 -8.84756
-18.576 -5.87184
-4.52904 -3.1594
-9.28129 -0.225001
-9.07369 1.87078
-0.365415 2.9333
11.0832 3.01874
12.5689 2.91054
1.8204 3.03977
4.71719 3.14923
-22.7223 3.66491
-139.364 6.25982
159.527 4.61117
200.594 1.55041
314.799 -4.79006
93.8706 -6.3964
317.177 -11.6948
-58.0743 -11.0895
-123.665 -9.9189
-180.853 -8.04959
-145.505 -6.10622
-213.735 -2.44289
-182.678 2.29954
-89.0493 4.38955
-95.3166 5.35016
-108.995 6.27238
-144.092 6.96867
-1274.91 19.0906
-172.918 19.5558
-291.478 19.8863
-392.709 19.9179
686.968 16.7935
-247.083 16.5528
-265.044 16.2481
-206.905 15.597
-284.782 15.7154
-320.673 15.7669
-331.084 15.6004
-306.391 15.2904
219.155 12.9598
59.4065 10.4845
