0.000617542 -0.246515
0.00123789 -0.492722
0.0018628 -0.738388
0.00249408 -0.983279
0.00313355 -1.22716
0.00378311 -1.46981
0.00444474 -1.71099
0.0051205 -1.95048
0.00581254 -2.18806
0.00652312 -2.42349
0.00725472 -2.65657
0.00800983 -2.88706
0.00879129 -3.11478
0.00960204 -3.3395
0.0104453 -3.56103
0.0113246 -3.77919
0.0122437 -3.99378
0.0132069 -4.20466
0.0142184 -4.41158
0.0152835 -4.61443
0.0164076 -4.81302
0.0175968 -5.00724
0.018858 -5.19693
0.0201986 -5.38197
0.0216273 -5.56228
0.0231531 -5.7377
0.0247869 -5.90819
0.0265405 -6.07364
0.0284273 -6.23402
0.0304628 -6.38928
0.0326645 -6.53944
0.0350517 -6.68443
0.0376464 -6.82425
0.0404779 -6.95911
0.0435702 -7.08879
0.0469593 -7.21347
